 2.2516e-01  1.2398e+01  1.4975e+00 -1.0900e+01  5.5670e+00  3.8339e+00
 2.2620e-01  1.2312e+01  1.4759e+00 -1.0836e+01  5.5259e+00  3.8456e+00
 2.2724e-01  1.2179e+01  1.4542e+00 -1.0725e+01  5.4768e+00  3.8347e+00
 2.2828e-01  1.1877e+01  1.4323e+00 -1.0445e+01  5.4181e+00  3.7163e+00
 2.2933e-01  1.1678e+01  1.4103e+00 -1.0267e+01  5.3589e+00  3.6708e+00
 2.3037e-01  1.1384e+01  1.3882e+00 -9.9962e+00  5.3003e+00  3.5568e+00
 2.3141e-01  1.1094e+01  1.3659e+00 -9.7282e+00  5.2472e+00  3.4372e+00
 2.3245e-01  1.0898e+01  1.3436e+00 -9.5547e+00  5.1933e+00  3.3849e+00
 2.3349e-01  1.0694e+01  1.3211e+00 -9.3725e+00  5.1334e+00  3.3334e+00
 2.3453e-01  1.0468e+01  1.2985e+00 -9.1695e+00  5.0724e+00  3.2678e+00
 2.3558e-01  1.0050e+01  1.2758e+00 -8.7740e+00  4.9992e+00  3.0803e+00
 2.3662e-01  9.7398e+00  1.2531e+00 -8.4868e+00  4.9359e+00  2.9564e+00
 2.3766e-01  9.4651e+00  1.2302e+00 -8.2349e+00  4.8757e+00  2.8526e+00
 2.3870e-01  9.1025e+00  1.2073e+00 -7.8952e+00  4.8027e+00  2.7025e+00
 2.3974e-01  8.8735e+00  1.1843e+00 -7.6893e+00  4.7399e+00  2.6317e+00
 2.4078e-01  8.7573e+00  1.1611e+00 -7.5962e+00  4.6839e+00  2.6301e+00
 2.4183e-01  8.5581e+00  1.1380e+00 -7.4201e+00  4.6218e+00  2.5775e+00
 2.4287e-01  8.4186e+00  1.1148e+00 -7.3039e+00  4.5658e+00  2.5590e+00
 2.4391e-01  7.9308e+00  1.0915e+00 -6.8393e+00  4.4879e+00  2.3224e+00
 2.4495e-01  7.7002e+00  1.0682e+00 -6.6320e+00  4.4199e+00  2.2515e+00
 2.4599e-01  7.6078e+00  1.0448e+00 -6.5630e+00  4.3645e+00  2.2611e+00
 2.4703e-01  7.1417e+00  1.0214e+00 -6.1203e+00  4.2953e+00  2.0303e+00
 2.4807e-01  6.8769e+00  9.9798e-01 -5.8789e+00  4.2226e+00  1.9383e+00
 2.4911e-01  6.6690e+00  9.7452e-01 -5.6945e+00  4.1583e+00  1.8754e+00
 2.5015e-01  6.4779e+00  9.5102e-01 -5.5268e+00  4.1070e+00  1.8109e+00
 2.5119e-01  6.3939e+00  9.2754e-01 -5.4664e+00  4.0479e+00  1.8236e+00
 2.5223e-01  5.8045e+00  9.0402e-01 -4.9005e+00  3.9695e+00  1.5240e+00
 2.5327e-01  5.4787e+00  8.8049e-01 -4.5982e+00  3.8981e+00  1.3915e+00
 2.5432e-01  5.7828e+00  8.5698e-01 -4.9258e+00  3.8489e+00  1.6379e+00
 2.5536e-01  5.5044e+00  8.3346e-01 -4.6709e+00  3.7763e+00  1.5299e+00
 2.5640e-01  5.0379e+00  8.0997e-01 -4.2279e+00  3.7002e+00  1.3056e+00
 2.5744e-01  4.6702e+00  7.8647e-01 -3.8838e+00  3.6310e+00  1.1441e+00
 2.5848e-01  4.3744e+00  7.6302e-01 -3.6114e+00  3.5637e+00  1.0270e+00
 2.5952e-01  4.0645e+00  7.3959e-01 -3.3249e+00  3.4836e+00  9.1096e-01
 2.6056e-01  4.1715e+00  7.1618e-01 -3.4553e+00  3.4254e+00  1.0175e+00
 2.6160e-01  3.8278e+00  6.9282e-01 -3.1350e+00  3.3550e+00  8.7316e-01
 2.6264e-01  3.4202e+00  6.6951e-01 -2.7507e+00  3.2909e+00  6.9867e-01
 2.6368e-01  2.9516e+00  6.4624e-01 -2.3054e+00  3.2250e+00  5.1103e-01
 2.6472e-01  2.8079e+00  6.2303e-01 -2.1848e+00  3.1611e+00  4.7771e-01
 2.6576e-01  2.7681e+00  5.9988e-01 -2.1682e+00  3.1005e+00  4.8902e-01
 2.6680e-01  3.0415e+00  5.7680e-01 -2.4647e+00  3.0467e+00  6.5445e-01
 2.6784e-01  2.7413e+00  5.5378e-01 -2.1875e+00  2.9834e+00  5.3762e-01
 2.6888e-01  2.2572e+00  5.3084e-01 -1.7263e+00  2.9200e+00  3.4953e-01
 2.6992e-01  2.1154e+00  5.0798e-01 -1.6075e+00  2.8637e+00  3.1509e-01
 2.7096e-01  1.7461e+00  4.8521e-01 -1.2609e+00  2.8036e+00  2.0226e-01
 2.7200e-01  1.1653e+00  4.6252e-01 -7.0274e-01  2.7419e+00  6.5689e-02
 2.7304e-01  8.4966e-01  4.3996e-01 -4.0970e-01  2.6864e+00  2.3259e-02
 2.7408e-01 -9.3111e-01  4.1747e-01  1.3486e+00  2.6290e+00  2.6312e-01
 2.7512e-01 -1.1465e+00  3.9509e-01  1.5416e+00  2.5737e+00  3.5877e-01
 2.7616e-01  5.3770e-01  3.7285e-01 -1.6485e-01  2.5214e+00  4.2747e-03
 2.7720e-01 -3.5675e-01  3.5070e-01  7.0744e-01  2.4703e+00  8.2016e-02
 2.7824e-01 -2.5957e-01  3.2869e-01  5.8826e-01  2.4186e+00  5.9155e-02
 2.7927e-01 -6.3250e-01  3.0681e-01  9.3931e-01  2.3697e+00  1.5712e-01
 2.8031e-01  6.5035e-01  2.8503e-01 -3.6532e-01  2.3226e+00  2.4740e-02
 2.8135e-01  1.7096e+00  2.6342e-01 -1.4462e+00  2.2797e+00  4.0243e-01
 2.8239e-01  1.7054e+00  2.4194e-01 -1.4635e+00  2.2336e+00  4.2929e-01
 2.8343e-01  1.4674e+00  2.2059e-01 -1.2468e+00  2.1899e+00  3.2416e-01
 2.8447e-01  1.3881e+00  1.9941e-01 -1.1887e+00  2.1453e+00  3.0704e-01
 2.8551e-01  1.4365e+00  1.7838e-01 -1.2581e+00  2.1019e+00  3.5831e-01
 2.8655e-01  1.6661e+00  1.5751e-01 -1.5086e+00  2.0640e+00  5.3426e-01
 2.8759e-01  1.9169e+00  1.3681e-01 -1.7801e+00  2.0313e+00  7.6789e-01
 2.8863e-01  2.1809e+00  1.1627e-01 -2.0647e+00  1.9875e+00  1.0792e+00
 2.8967e-01  2.6498e+00  9.5907e-02 -2.5539e+00  1.9548e+00  1.7068e+00
 2.9070e-01  2.7617e+00  7.5718e-02 -2.6860e+00  1.9200e+00  1.9572e+00
 2.9174e-01  2.4854e+00  5.5709e-02 -2.4297e+00  1.8803e+00  1.6697e+00
 2.9278e-01  2.6024e+00  3.5884e-02 -2.5666e+00  1.8447e+00  1.9358e+00
 2.9382e-01  3.1327e+00  1.6267e-02 -3.1164e+00  1.8187e+00  2.9361e+00
 2.9486e-01  3.4585e+00  3.1769e-03 -3.4553e+00  1.7952e+00  3.7048e+00
 2.9590e-01  3.7390e+00  2.2424e-02 -3.7166e+00  1.7712e+00  4.4030e+00
 2.9694e-01  3.8245e+00  4.1471e-02 -3.7830e+00  1.7482e+00  4.6825e+00
 2.9798e-01  3.8957e+00  6.0296e-02 -3.8354e+00  1.7309e+00  4.9096e+00
 2.9901e-01  4.0537e+00  7.8932e-02 -3.9747e+00  1.7198e+00  5.3414e+00
 3.0005e-01  4.1608e+00  9.7338e-02 -4.0634e+00  1.7077e+00  5.6619e+00
 3.0109e-01  4.3618e+00  1.1555e-01 -4.2463e+00  1.6980e+00  6.2539e+00
 3.0213e-01  4.4839e+00  1.3352e-01 -4.3504e+00  1.6920e+00  6.6110e+00
 3.0317e-01  4.5247e+00  1.5127e-01 -4.3734e+00  1.6885e+00  6.7082e+00
 3.0421e-01  4.7246e+00  1.6882e-01 -4.5558e+00  1.6870e+00  7.2923e+00
 3.0524e-01  4.9399e+00  1.8612e-01 -4.7538e+00  1.6912e+00  7.9011e+00
 3.0628e-01  5.2258e+00  2.0318e-01 -5.0226e+00  1.6968e+00  8.7624e+00
 3.0732e-01  5.4622e+00  2.2004e-01 -5.2421e+00  1.7010e+00  9.4971e+00
 3.0836e-01  5.6132e+00  2.3663e-01 -5.3766e+00  1.7096e+00  9.8909e+00
 3.0940e-01  5.8342e+00  2.5299e-01 -5.5812e+00  1.7099e+00  1.0654e+01
 3.1044e-01  5.9758e+00  2.6910e-01 -5.7067e+00  1.7132e+00  1.1095e+01
 3.1147e-01  6.1086e+00  2.8497e-01 -5.8237e+00  1.7162e+00  1.1514e+01
 3.1251e-01  6.1991e+00  3.0059e-01 -5.8986e+00  1.7199e+00  1.1763e+01
 3.1355e-01  6.2913e+00  3.1596e-01 -5.9754e+00  1.7225e+00  1.2034e+01
 3.1459e-01  6.5161e+00  3.3107e-01 -6.1851e+00  1.7268e+00  1.2829e+01
 3.1563e-01  6.7806e+00  3.4593e-01 -6.4347e+00  1.7342e+00  1.3768e+01
 3.1666e-01  6.8912e+00  3.6053e-01 -6.5307e+00  1.7377e+00  1.4124e+01
 3.1770e-01  7.0242e+00  3.7486e-01 -6.6494e+00  1.7427e+00  1.4559e+01
 3.1874e-01  7.1847e+00  3.8894e-01 -6.7957e+00  1.7472e+00  1.5128e+01
 3.1978e-01  7.2424e+00  4.0275e-01 -6.8396e+00  1.7462e+00  1.5343e+01
 3.2081e-01  7.2167e+00  4.1628e-01 -6.8004e+00  1.7439e+00  1.5207e+01
 3.2185e-01  7.4261e+00  4.2956e-01 -6.9966e+00  1.7486e+00  1.6010e+01
 3.2289e-01  7.5720e+00  4.4257e-01 -7.1294e+00  1.7524e+00  1.6551e+01
 3.2393e-01  7.6511e+00  4.5529e-01 -7.1958e+00  1.7591e+00  1.6734e+01
 3.2497e-01  7.6294e+00  4.6776e-01 -7.1616e+00  1.7510e+00  1.6729e+01
 3.2600e-01  7.6793e+00  4.7993e-01 -7.1994e+00  1.7516e+00  1.6893e+01
 3.2704e-01  7.7160e+00  4.9183e-01 -7.2241e+00  1.7492e+00  1.7056e+01
 3.2808e-01  7.8084e+00  5.0347e-01 -7.3049e+00  1.7469e+00  1.7485e+01
 3.2911e-01  7.8560e+00  5.1481e-01 -7.3412e+00  1.7418e+00  1.7764e+01
 3.3015e-01  8.0256e+00  5.2587e-01 -7.4997e+00  1.7439e+00  1.8496e+01
 3.3119e-01  8.0817e+00  5.3667e-01 -7.5450e+00  1.7426e+00  1.8746e+01
 3.3223e-01  8.1819e+00  5.4717e-01 -7.6347e+00  1.7424e+00  1.9200e+01
 3.3326e-01  8.1257e+00  5.5738e-01 -7.5683e+00  1.7356e+00  1.9015e+01
 3.3430e-01  8.1407e+00  5.6732e-01 -7.5734e+00  1.7298e+00  1.9168e+01
 3.3534e-01  8.2452e+00  5.7697e-01 -7.6682e+00  1.7270e+00  1.9715e+01
 3.3637e-01  8.2144e+00  5.8633e-01 -7.6281e+00  1.7200e+00  1.9668e+01
 3.3741e-01  8.2732e+00  5.9541e-01 -7.6778e+00  1.7148e+00  2.0046e+01
 3.3845e-01  8.4784e+00  6.0420e-01 -7.8742e+00  1.7116e+00  2.1164e+01
 3.3948e-01  8.3101e+00  6.1271e-01 -7.6974e+00  1.6989e+00  2.0527e+01
 3.4052e-01  8.2950e+00  6.2093e-01 -7.6741e+00  1.6909e+00  2.0598e+01
 3.4156e-01  8.3650e+00  6.2887e-01 -7.7362e+00  1.6854e+00  2.1069e+01
 3.4260e-01  8.3020e+00  6.3651e-01 -7.6655e+00  1.6732e+00  2.0988e+01
 3.4363e-01  8.2794e+00  6.4387e-01 -7.6356e+00  1.6627e+00  2.1089e+01
 3.4467e-01  8.2898e+00  6.5094e-01 -7.6389e+00  1.6528e+00  2.1361e+01
 3.4571e-01  8.2310e+00  6.5773e-01 -7.5732e+00  1.6410e+00  2.1298e+01
 3.4674e-01  8.1821e+00  6.6422e-01 -7.5178e+00  1.6296e+00  2.1284e+01
 3.4778e-01  8.1268e+00  6.7044e-01 -7.4564e+00  1.6173e+00  2.1256e+01
 3.4881e-01  8.1694e+00  6.7636e-01 -7.4931e+00  1.6078e+00  2.1720e+01
 3.4985e-01  8.1483e+00  6.8200e-01 -7.4663e+00  1.5960e+00  2.1884e+01
 3.5089e-01  8.1335e+00  6.8736e-01 -7.4462e+00  1.5818e+00  2.2160e+01
 3.5192e-01  8.1040e+00  6.9244e-01 -7.4115e+00  1.5691e+00  2.2310e+01
 3.5296e-01  8.0626e+00  6.9723e-01 -7.3654e+00  1.5562e+00  2.2402e+01
 3.5400e-01  7.9535e+00  7.0173e-01 -7.2517e+00  1.5405e+00  2.2160e+01
 3.5503e-01  7.8601e+00  7.0596e-01 -7.1541e+00  1.5234e+00  2.2055e+01
 3.5607e-01  7.8500e+00  7.0991e-01 -7.1400e+00  1.5079e+00  2.2420e+01
 3.5711e-01  7.8205e+00  7.1358e-01 -7.1069e+00  1.4981e+00  2.2505e+01
 3.5814e-01  7.8562e+00  7.1697e-01 -7.1392e+00  1.4829e+00  2.3178e+01
 3.5918e-01  7.8288e+00  7.2009e-01 -7.1087e+00  1.4676e+00  2.3461e+01
 3.6021e-01  7.6421e+00  7.2293e-01 -6.9192e+00  1.4496e+00  2.2784e+01
 3.6125e-01  7.6038e+00  7.2550e-01 -6.8783e+00  1.4352e+00  2.2969e+01
 3.6229e-01  7.5525e+00  7.2779e-01 -6.8247e+00  1.4216e+00  2.3047e+01
 3.6332e-01  7.5201e+00  7.2982e-01 -6.7903e+00  1.4047e+00  2.3367e+01
 3.6436e-01  7.4987e+00  7.3158e-01 -6.7671e+00  1.3890e+00  2.3735e+01
 3.6539e-01  7.4494e+00  7.3307e-01 -6.7163e+00  1.3739e+00  2.3896e+01
 3.6643e-01  7.4337e+00  7.3429e-01 -6.6994e+00  1.3593e+00  2.4290e+01
 3.6747e-01  7.2982e+00  7.3525e-01 -6.5630e+00  1.3423e+00  2.3907e+01
 3.6850e-01  7.2182e+00  7.3595e-01 -6.4822e+00  1.3249e+00  2.3937e+01
 3.6954e-01  7.2418e+00  7.3640e-01 -6.5054e+00  1.3109e+00  2.4626e+01
 3.7057e-01  7.2391e+00  7.3658e-01 -6.5025e+00  1.2948e+00  2.5223e+01
 3.7161e-01  7.1931e+00  7.3651e-01 -6.4566e+00  1.2787e+00  2.5494e+01
 3.7264e-01  7.0511e+00  7.3619e-01 -6.3149e+00  1.2612e+00  2.5070e+01
 3.7368e-01  6.9095e+00  7.3562e-01 -6.1739e+00  1.2452e+00  2.4583e+01
 3.7472e-01  6.8588e+00  7.3480e-01 -6.1240e+00  1.2301e+00  2.4784e+01
 3.7575e-01  6.8510e+00  7.3373e-01 -6.1172e+00  1.2161e+00  2.5302e+01
 3.7679e-01  6.8860e+00  7.3242e-01 -6.1536e+00  1.2024e+00  2.6192e+01
 3.7782e-01  6.7737e+00  7.3087e-01 -6.0429e+00  1.1861e+00  2.5955e+01
 3.7886e-01  6.5580e+00  7.2908e-01 -5.8289e+00  1.1690e+00  2.4862e+01
 3.7989e-01  6.4265e+00  7.2706e-01 -5.6994e+00  1.1529e+00  2.4440e+01
 3.8093e-01  6.3685e+00  7.2481e-01 -5.6437e+00  1.1381e+00  2.4592e+01
 3.8196e-01  6.2646e+00  7.2232e-01 -5.5423e+00  1.1249e+00  2.4276e+01
 3.8300e-01  6.1873e+00  7.1961e-01 -5.4677e+00  1.1110e+00  2.4222e+01
 3.8403e-01  6.1969e+00  7.1668e-01 -5.4802e+00  1.0986e+00  2.4883e+01
 3.8507e-01  6.1456e+00  7.1352e-01 -5.4320e+00  1.0861e+00  2.5015e+01
 3.8610e-01  6.0914e+00  7.1015e-01 -5.3812e+00  1.0716e+00  2.5218e+01
 3.8714e-01  6.0154e+00  7.0656e-01 -5.3088e+00  1.0592e+00  2.5123e+01
 3.8817e-01  5.9737e+00  7.0276e-01 -5.2709e+00  1.0492e+00  2.5239e+01
 3.8921e-01  5.8981e+00  6.9876e-01 -5.1994e+00  1.0383e+00  2.5077e+01
 3.9024e-01  5.8502e+00  6.9454e-01 -5.1556e+00  1.0264e+00  2.5233e+01
 3.9128e-01  5.6980e+00  6.9013e-01 -5.0079e+00  1.0137e+00  2.4407e+01
 3.9231e-01  5.6110e+00  6.8551e-01 -4.9255e+00  1.0033e+00  2.4099e+01
 3.9335e-01  5.5829e+00  6.8071e-01 -4.9022e+00  9.9488e-01  2.4280e+01
 3.9438e-01  5.5035e+00  6.7571e-01 -4.8278e+00  9.8499e-01  2.4024e+01
 3.9542e-01  5.4304e+00  6.7052e-01 -4.7599e+00  9.7696e-01  2.3737e+01
 3.9645e-01  5.2322e+00  6.6514e-01 -4.5670e+00  9.6763e-01  2.2277e+01
 3.9749e-01  5.0723e+00  6.5959e-01 -4.4128e+00  9.5993e-01  2.1132e+01
 3.9852e-01  5.0477e+00  6.5385e-01 -4.3939e+00  9.5361e-01  2.1231e+01
 3.9955e-01  5.0303e+00  6.4794e-01 -4.3823e+00  9.4861e-01  2.1342e+01
 4.0059e-01  4.9650e+00  6.4186e-01 -4.3232e+00  9.4419e-01  2.0964e+01
 4.0162e-01  4.8822e+00  6.3562e-01 -4.2466e+00  9.3932e-01  2.0439e+01
 4.0266e-01  4.7303e+00  6.2921e-01 -4.1011e+00  9.3467e-01  1.9252e+01
 4.0369e-01  4.6484e+00  6.2263e-01 -4.0258e+00  9.3115e-01  1.8692e+01
 4.0473e-01  4.4589e+00  6.1591e-01 -3.8430e+00  9.2880e-01  1.7120e+01
 4.0576e-01  4.2643e+00  6.0903e-01 -3.6553e+00  9.2508e-01  1.5613e+01
 4.0680e-01  4.1191e+00  6.0199e-01 -3.5171e+00  9.2097e-01  1.4584e+01
 4.0783e-01  4.0652e+00  5.9482e-01 -3.4703e+00  9.1880e-01  1.4266e+01
 4.0886e-01  4.1430e+00  5.8751e-01 -3.5555e+00  9.1791e-01  1.5004e+01
 4.0990e-01  4.1364e+00  5.8005e-01 -3.5563e+00  9.1743e-01  1.5027e+01
 4.1093e-01  3.9739e+00  5.7247e-01 -3.4014e+00  9.1575e-01  1.3796e+01
 4.1197e-01  3.9267e+00  5.6475e-01 -3.3619e+00  9.1413e-01  1.3526e+01
 4.1300e-01  3.8364e+00  5.5691e-01 -3.2795e+00  9.1304e-01  1.2901e+01
 4.1403e-01  3.5580e+00  5.4894e-01 -3.0091e+00  9.1143e-01  1.0900e+01
 4.1507e-01  3.3944e+00  5.4086e-01 -2.8535e+00  9.1038e-01  9.8246e+00
 4.1610e-01  3.2463e+00  5.3266e-01 -2.7137e+00  9.1012e-01  8.8902e+00
 4.1714e-01  3.1814e+00  5.2435e-01 -2.6571e+00  9.0951e-01  8.5347e+00
 4.1817e-01  2.9795e+00  5.1594e-01 -2.4636e+00  9.0862e-01  7.3515e+00
 4.1920e-01  2.7210e+00  5.0742e-01 -2.2136e+00  9.0737e-01  5.9516e+00
 4.2024e-01  2.6992e+00  4.9880e-01 -2.2004e+00  9.0680e-01  5.8882e+00
 4.2127e-01  2.6795e+00  4.9010e-01 -2.1894e+00  9.0617e-01  5.8378e+00
 4.2230e-01  2.6091e+00  4.8129e-01 -2.1278e+00  9.0599e-01  5.5159e+00
 4.2334e-01  2.3205e+00  4.7241e-01 -1.8481e+00  9.0541e-01  4.1662e+00
 4.2437e-01  2.2242e+00  4.6343e-01 -1.7608e+00  9.0443e-01  3.7903e+00
 4.2540e-01  2.3383e+00  4.5439e-01 -1.8839e+00  9.0479e-01  4.3356e+00
 4.2644e-01  2.2010e+00  4.4526e-01 -1.7557e+00  9.0488e-01  3.7646e+00
 4.2747e-01  1.9989e+00  4.3606e-01 -1.5628e+00  9.0423e-01  2.9873e+00
 4.2851e-01  1.7445e+00  4.2679e-01 -1.3177e+00  9.0341e-01  2.1274e+00
 4.2954e-01  1.3757e+00  4.1747e-01 -9.5828e-01  9.0146e-01  1.1300e+00
 4.3057e-01  7.5138e-01  4.0808e-01 -3.4330e-01  8.9959e-01  1.4563e-01
 4.3160e-01  7.9587e-01  3.9864e-01 -3.9723e-01  8.9940e-01  1.9507e-01
 4.3264e-01  9.1289e-01  3.8913e-01 -5.2376e-01  8.9915e-01  3.3930e-01
 4.3367e-01  8.6324e-01  3.7959e-01 -4.8365e-01  8.9812e-01  2.8999e-01
 4.3470e-01  9.7548e-01  3.7000e-01 -6.0548e-01  8.9622e-01  4.5642e-01
 4.3574e-01  8.1109e-01  3.6038e-01 -4.5072e-01  8.9459e-01  2.5384e-01
 4.3677e-01  9.3035e-01  3.5071e-01 -5.7964e-01  8.9364e-01  4.2072e-01
 4.3780e-01  9.7266e-01  3.4101e-01 -6.3165e-01  8.9314e-01  5.0017e-01
 4.3884e-01  6.0554e-01  3.3129e-01 -2.7425e-01  8.9143e-01  9.4652e-02
 4.3987e-01 -9.8597e-02  3.2153e-01  4.2013e-01  8.8815e-01  2.2377e-01
 4.4090e-01  2.9779e-01  3.1177e-01  1.3979e-02  8.8665e-01  2.4857e-04
 4.4193e-01  8.3566e-01  3.0197e-01 -5.3369e-01  8.8599e-01  3.6284e-01
 4.4297e-01  1.1714e+00  2.9217e-01 -8.7927e-01  8.8378e-01  9.8982e-01
 4.4400e-01  1.0630e+00  2.8235e-01 -7.8065e-01  8.8133e-01  7.8458e-01
 4.4503e-01  1.1975e+00  2.7253e-01 -9.2498e-01  8.7974e-01  1.1055e+00
 4.4606e-01  1.1617e+00  2.6270e-01 -8.9898e-01  8.7885e-01  1.0463e+00
 4.4710e-01  1.0844e+00  2.5288e-01 -8.3154e-01  8.7579e-01  9.0151e-01
 4.4813e-01  1.2608e+00  2.4305e-01 -1.0177e+00  8.7296e-01  1.3591e+00
 4.4916e-01  1.2369e+00  2.3323e-01 -1.0036e+00  8.6986e-01  1.3312e+00
 4.5020e-01  1.7586e+00  2.2343e-01 -1.5352e+00  8.6831e-01  3.1259e+00
 4.5123e-01  1.8688e+00  2.1364e-01 -1.6552e+00  8.6585e-01  3.6542e+00
 4.5226e-01  2.0900e+00  2.0386e-01 -1.8861e+00  8.6361e-01  4.7698e+00
 4.5329e-01  2.0163e+00  1.9411e-01 -1.8222e+00  8.6026e-01  4.4867e+00
 4.5432e-01  1.8285e+00  1.8439e-01 -1.6441e+00  8.5618e-01  3.6876e+00
 4.5536e-01  1.8181e+00  1.7468e-01 -1.6434e+00  8.5192e-01  3.7213e+00
 4.5639e-01  2.0286e+00  1.6501e-01 -1.8636e+00  8.4954e-01  4.8121e+00
 4.5742e-01  2.2524e+00  1.5538e-01 -2.0971e+00  8.4741e-01  6.1240e+00
 4.5845e-01  2.3289e+00  1.4578e-01 -2.1832e+00  8.4443e-01  6.6841e+00
 4.5948e-01  2.2394e+00  1.3622e-01 -2.1032e+00  8.4173e-01  6.2434e+00
 4.6052e-01  2.3044e+00  1.2671e-01 -2.1777e+00  8.3845e-01  6.7457e+00
 4.6155e-01  2.3652e+00  1.1724e-01 -2.2480e+00  8.3456e-01  7.2554e+00
 4.6258e-01  2.4539e+00  1.0782e-01 -2.3461e+00  8.3043e-01  7.9813e+00
 4.6361e-01  2.7256e+00  9.8452e-02 -2.6271e+00  8.2781e-01  1.0072e+01
 4.6464e-01  2.8895e+00  8.9139e-02 -2.8004e+00  8.2496e-01  1.1523e+01
 4.6568e-01  2.9367e+00  7.9894e-02 -2.8569e+00  8.2121e-01  1.2102e+01
 4.6671e-01  2.8894e+00  7.0700e-02 -2.8187e+00  8.1678e-01  1.1909e+01
 4.6774e-01  3.0239e+00  6.1569e-02 -2.9624e+00  8.1311e-01  1.3273e+01
 4.6877e-01  2.9987e+00  5.2514e-02 -2.9462e+00  8.0894e-01  1.3264e+01
 4.6980e-01  2.8544e+00  4.3518e-02 -2.8109e+00  8.0444e-01  1.2210e+01
 4.7084e-01  3.1561e+00  3.4594e-02 -3.1215e+00  8.0095e-01  1.5189e+01
 4.7187e-01  3.2562e+00  2.5753e-02 -3.2304e+00  7.9712e-01  1.6424e+01
 4.7290e-01  3.3549e+00  1.6980e-02 -3.3379e+00  7.9317e-01  1.7710e+01
 4.7393e-01  3.5869e+00  8.2949e-03 -3.5786e+00  7.9003e-01  2.0518e+01
 4.7496e-01  3.6480e+00  3.0895e-04 -3.6477e+00  7.8718e-01  2.1473e+01
 4.7599e-01  3.7985e+00  8.8372e-03 -3.7896e+00  7.8520e-01  2.3294e+01
 4.7702e-01  3.9321e+00  1.7271e-02 -3.9148e+00  7.8147e-01  2.5095e+01
 4.7805e-01  3.9461e+00  2.5616e-02 -3.9205e+00  7.7747e-01  2.5429e+01
 4.7909e-01  3.9094e+00  3.3878e-02 -3.8756e+00  7.7368e-01  2.5093e+01
 4.8012e-01  3.9378e+00  4.2040e-02 -3.8957e+00  7.7017e-01  2.5586e+01
 4.8115e-01  4.0302e+00  5.0106e-02 -3.9801e+00  7.6698e-01  2.6929e+01
 4.8218e-01  4.1045e+00  5.8075e-02 -4.0465e+00  7.6479e-01  2.7994e+01
 4.8321e-01  4.2045e+00  6.5945e-02 -4.1385e+00  7.6233e-01  2.9472e+01
 4.8424e-01  4.2365e+00  7.3714e-02 -4.1628e+00  7.5887e-01  3.0090e+01
 4.8527e-01  4.2585e+00  8.1380e-02 -4.1771e+00  7.5584e-01  3.0541e+01
 4.8630e-01  4.2953e+00  8.8941e-02 -4.2063e+00  7.5302e-01  3.1203e+01
 4.8733e-01  4.3733e+00  9.6395e-02 -4.2769e+00  7.5052e-01  3.2473e+01
 4.8836e-01  4.3890e+00  1.0373e-01 -4.2853e+00  7.4833e-01  3.2793e+01
 4.8940e-01  4.4552e+00  1.1097e-01 -4.3442e+00  7.4596e-01  3.3915e+01
 4.9043e-01  4.5519e+00  1.1809e-01 -4.4338e+00  7.4377e-01  3.5537e+01
 4.9146e-01  4.4937e+00  1.2510e-01 -4.3686e+00  7.4094e-01  3.4762e+01
 4.9249e-01  4.5940e+00  1.3199e-01 -4.4620e+00  7.3928e-01  3.6429e+01
 4.9352e-01  4.8273e+00  1.3877e-01 -4.6885e+00  7.3925e-01  4.0223e+01
 4.9455e-01  4.9087e+00  1.4543e-01 -4.7633e+00  7.3869e-01  4.1580e+01
 4.9558e-01  4.9126e+00  1.5197e-01 -4.7606e+00  7.3797e-01  4.1615e+01
 4.9661e-01  4.8661e+00  1.5839e-01 -4.7077e+00  7.3646e-01  4.0863e+01
 4.9764e-01  4.8959e+00  1.6469e-01 -4.7312e+00  7.3528e-01  4.1403e+01
 4.9867e-01  4.9831e+00  1.7086e-01 -4.8122e+00  7.3434e-01  4.2943e+01
 4.9970e-01  5.0384e+00  1.7691e-01 -4.8615e+00  7.3383e-01  4.3887e+01
 5.0073e-01  5.1314e+00  1.8284e-01 -4.9486e+00  7.3399e-01  4.5455e+01
 5.0176e-01  5.2169e+00  1.8864e-01 -5.0282e+00  7.3459e-01  4.6853e+01
 5.0279e-01  5.2028e+00  1.9431e-01 -5.0085e+00  7.3450e-01  4.6497e+01
 5.0382e-01  5.2228e+00  1.9986e-01 -5.0229e+00  7.3437e-01  4.6782e+01
 5.0485e-01  5.2373e+00  2.0527e-01 -5.0320e+00  7.3465e-01  4.6916e+01
 5.0588e-01  5.2505e+00  2.1056e-01 -5.0399e+00  7.3469e-01  4.7059e+01
 5.0691e-01  5.3105e+00  2.1572e-01 -5.0948e+00  7.3532e-01  4.8007e+01
 5.0794e-01  5.3456e+00  2.2074e-01 -5.1249e+00  7.3595e-01  4.8491e+01
 5.0897e-01  5.3458e+00  2.2564e-01 -5.1202e+00  7.3569e-01  4.8436e+01
 5.1000e-01  5.4522e+00  2.3040e-01 -5.2218e+00  7.3720e-01  5.0174e+01
 5.1103e-01  5.5677e+00  2.3503e-01 -5.3326e+00  7.3928e-01  5.2032e+01
 5.1206e-01  5.5970e+00  2.3953e-01 -5.3574e+00  7.3973e-01  5.2453e+01
 5.1309e-01  5.5643e+00  2.4390e-01 -5.3204e+00  7.3950e-01  5.1762e+01
 5.1412e-01  5.5850e+00  2.4813e-01 -5.3369e+00  7.4036e-01  5.1963e+01
 5.1515e-01  5.6033e+00  2.5222e-01 -5.3511e+00  7.4143e-01  5.2090e+01
 5.1618e-01  5.6852e+00  2.5619e-01 -5.4290e+00  7.4220e-01  5.3505e+01
 5.1721e-01  5.7119e+00  2.6002e-01 -5.4519e+00  7.4326e-01  5.3803e+01
 5.1824e-01  5.7164e+00  2.6372e-01 -5.4527e+00  7.4398e-01  5.3715e+01
 5.1927e-01  5.7283e+00  2.6728e-01 -5.4610e+00  7.4452e-01  5.3801e+01
 5.2030e-01  5.6831e+00  2.7071e-01 -5.4124e+00  7.4417e-01  5.2897e+01
 5.2133e-01  5.6543e+00  2.7400e-01 -5.3803e+00  7.4400e-01  5.2297e+01
 5.2236e-01  5.6013e+00  2.7716e-01 -5.3242e+00  7.4467e-01  5.1119e+01
 5.2338e-01  5.5815e+00  2.8018e-01 -5.3013e+00  7.4528e-01  5.0599e+01
 5.2441e-01  5.6362e+00  2.8308e-01 -5.3531e+00  7.4594e-01  5.1501e+01
 5.2544e-01  5.6803e+00  2.8584e-01 -5.3945e+00  7.4706e-01  5.2141e+01
 5.2647e-01  5.6508e+00  2.8846e-01 -5.3624e+00  7.4699e-01  5.1533e+01
 5.2750e-01  5.6083e+00  2.9095e-01 -5.3174e+00  7.4654e-01  5.0733e+01
 5.2853e-01  5.5519e+00  2.9332e-01 -5.2586e+00  7.4613e-01  4.9672e+01
 5.2956e-01  5.4658e+00  2.9555e-01 -5.1703e+00  7.4534e-01  4.8119e+01
 5.3059e-01  5.4363e+00  2.9764e-01 -5.1386e+00  7.4514e-01  4.7557e+01
 5.3162e-01  5.4794e+00  2.9961e-01 -5.1798e+00  7.4574e-01  4.8245e+01
 5.3265e-01  5.4606e+00  3.0145e-01 -5.1591e+00  7.4591e-01  4.7838e+01
 5.3367e-01  5.3906e+00  3.0316e-01 -5.0875e+00  7.4427e-01  4.6724e+01
 5.3470e-01  5.2717e+00  3.0474e-01 -4.9669e+00  7.4215e-01  4.4792e+01
 5.3573e-01  5.3228e+00  3.0619e-01 -5.0166e+00  7.4206e-01  4.5704e+01
 5.3676e-01  5.2869e+00  3.0751e-01 -4.9794e+00  7.4197e-01  4.5038e+01
 5.3779e-01  5.1977e+00  3.0871e-01 -4.8890e+00  7.4179e-01  4.3440e+01
 5.3882e-01  5.1480e+00  3.0978e-01 -4.8382e+00  7.4149e-01  4.2575e+01
 5.3985e-01  5.1494e+00  3.1073e-01 -4.8387e+00  7.4027e-01  4.2724e+01
 5.4087e-01  5.1550e+00  3.1155e-01 -4.8435e+00  7.4011e-01  4.2828e+01
 5.4190e-01  5.2383e+00  3.1226e-01 -4.9260e+00  7.3926e-01  4.4401e+01
 5.4293e-01  5.2184e+00  3.1284e-01 -4.9056e+00  7.3852e-01  4.4122e+01
 5.4396e-01  5.1421e+00  3.1330e-01 -4.8288e+00  7.3797e-01  4.2816e+01
 5.4499e-01  5.0748e+00  3.1364e-01 -4.7612e+00  7.3674e-01  4.1764e+01
 5.4602e-01  5.0275e+00  3.1386e-01 -4.7137e+00  7.3539e-01  4.1085e+01
 5.4704e-01  4.9167e+00  3.1396e-01 -4.6027e+00  7.3315e-01  3.9414e+01
 5.4807e-01  4.8208e+00  3.1395e-01 -4.5068e+00  7.3082e-01  3.8029e+01
 5.4910e-01  4.7217e+00  3.1383e-01 -4.4079e+00  7.2873e-01  3.6588e+01
 5.5013e-01  4.6768e+00  3.1359e-01 -4.3632e+00  7.2762e-01  3.5959e+01
 5.5116e-01  4.6326e+00  3.1323e-01 -4.3194e+00  7.2732e-01  3.5270e+01
 5.5218e-01  4.6356e+00  3.1277e-01 -4.3228e+00  7.2587e-01  3.5466e+01
 5.5321e-01  4.6320e+00  3.1220e-01 -4.3198e+00  7.2470e-01  3.5531e+01
 5.5424e-01  4.5795e+00  3.1152e-01 -4.2680e+00  7.2292e-01  3.4856e+01
 5.5527e-01  4.5133e+00  3.1074e-01 -4.2026e+00  7.2036e-01  3.4035e+01
 5.5629e-01  4.3685e+00  3.0985e-01 -4.0586e+00  7.1830e-01  3.1926e+01
 5.5732e-01  4.3137e+00  3.0885e-01 -4.0049e+00  7.1672e-01  3.1224e+01
 5.5835e-01  4.3517e+00  3.0776e-01 -4.0439e+00  7.1576e-01  3.1920e+01
 5.5938e-01  4.3285e+00  3.0656e-01 -4.0220e+00  7.1436e-01  3.1699e+01
 5.6041e-01  4.2669e+00  3.0527e-01 -3.9616e+00  7.1318e-01  3.0857e+01
 5.6143e-01  4.1293e+00  3.0388e-01 -3.8255e+00  7.1083e-01  2.8962e+01
 5.6246e-01  3.9625e+00  3.0239e-01 -3.6601e+00  7.0808e-01  2.6719e+01
 5.6349e-01  4.0419e+00  3.0081e-01 -3.7411e+00  7.0684e-01  2.8013e+01
 5.6451e-01  3.9626e+00  2.9913e-01 -3.6635e+00  7.0580e-01  2.6941e+01
 5.6554e-01  3.9769e+00  2.9737e-01 -3.6796e+00  7.0488e-01  2.7250e+01
 5.6657e-01  3.7521e+00  2.9551e-01 -3.4566e+00  7.0112e-01  2.4306e+01
 5.6760e-01  3.5756e+00  2.9358e-01 -3.2820e+00  6.9951e-01  2.2014e+01
 5.6862e-01  3.5963e+00  2.9155e-01 -3.3048e+00  6.9791e-01  2.2422e+01
 5.6965e-01  3.5964e+00  2.8944e-01 -3.3070e+00  6.9665e-01  2.2534e+01
 5.7068e-01  3.5734e+00  2.8725e-01 -3.2862e+00  6.9489e-01  2.2364e+01
 5.7170e-01  3.4766e+00  2.8498e-01 -3.1916e+00  6.9282e-01  2.1221e+01
 5.7273e-01  3.4308e+00  2.8263e-01 -3.1482e+00  6.9104e-01  2.0754e+01
 5.7376e-01  3.3092e+00  2.8021e-01 -3.0290e+00  6.8972e-01  1.9287e+01
 5.7478e-01  3.0295e+00  2.7771e-01 -2.7518e+00  6.8820e-01  1.5988e+01
 5.7581e-01  3.0875e+00  2.7514e-01 -2.8124e+00  6.8600e-01  1.6808e+01
 5.7684e-01  3.1191e+00  2.7249e-01 -2.8466e+00  6.8463e-01  1.7288e+01
 5.7786e-01  2.9306e+00  2.6978e-01 -2.6608e+00  6.8290e-01  1.5181e+01
 5.7889e-01  2.9589e+00  2.6700e-01 -2.6919e+00  6.8164e-01  1.5596e+01
 5.7992e-01  2.8189e+00  2.6416e-01 -2.5548e+00  6.7965e-01  1.4130e+01
 5.8094e-01  2.8743e+00  2.6125e-01 -2.6131e+00  6.7943e-01  1.4792e+01
 5.8197e-01  2.8259e+00  2.5829e-01 -2.5677e+00  6.7856e-01  1.4319e+01
 5.8300e-01  2.8276e+00  2.5526e-01 -2.5723e+00  6.7699e-01  1.4437e+01
 5.8402e-01  2.8537e+00  2.5218e-01 -2.6016e+00  6.7588e-01  1.4816e+01
 5.8505e-01  2.6836e+00  2.4904e-01 -2.4346e+00  6.7408e-01  1.3044e+01
 5.8608e-01  2.6020e+00  2.4585e-01 -2.3562e+00  6.7331e-01  1.2246e+01
 5.8710e-01  2.5561e+00  2.4260e-01 -2.3135e+00  6.7250e-01  1.1834e+01
 5.8813e-01  2.4361e+00  2.3931e-01 -2.1968e+00  6.7154e-01  1.0702e+01
 5.8915e-01  2.2898e+00  2.3597e-01 -2.0538e+00  6.7087e-01  9.3725e+00
 5.9018e-01  2.4406e+00  2.3258e-01 -2.2080e+00  6.7076e-01  1.0836e+01
 5.9121e-01  2.4120e+00  2.2915e-01 -2.1828e+00  6.6999e-01  1.0615e+01
 5.9223e-01  2.0775e+00  2.2568e-01 -1.8518e+00  6.6894e-01  7.6635e+00
 5.9326e-01  2.1620e+00  2.2216e-01 -1.9399e+00  6.6922e-01  8.4025e+00
 5.9428e-01  2.1339e+00  2.1862e-01 -1.9152e+00  6.6797e-01  8.2211e+00
 5.9531e-01  1.9877e+00  2.1503e-01 -1.7727e+00  6.6684e-01  7.0667e+00
 5.9633e-01  1.9423e+00  2.1141e-01 -1.7309e+00  6.6696e-01  6.7352e+00
 5.9736e-01  1.7234e+00  2.0776e-01 -1.5156e+00  6.6701e-01  5.1634e+00
 5.9839e-01  1.9173e+00  2.0407e-01 -1.7132e+00  6.6593e-01  6.6183e+00
 5.9941e-01  1.9825e+00  2.0036e-01 -1.7822e+00  6.6614e-01  7.1575e+00
 6.0044e-01  1.8046e+00  1.9663e-01 -1.6080e+00  6.6572e-01  5.8344e+00
 6.0146e-01  1.6983e+00  1.9286e-01 -1.5055e+00  6.6536e-01  5.1194e+00
 6.0249e-01  1.7823e+00  1.8908e-01 -1.5932e+00  6.6602e-01  5.7221e+00
 6.0351e-01  1.4858e+00  1.8528e-01 -1.3005e+00  6.6638e-01  3.8090e+00
 6.0454e-01  1.6954e+00  1.8145e-01 -1.5140e+00  6.6709e-01  5.1506e+00
 6.0556e-01  1.4920e+00  1.7762e-01 -1.3144e+00  6.6722e-01  3.8809e+00
 6.0659e-01  1.5055e+00  1.7376e-01 -1.3318e+00  6.6659e-01  3.9916e+00
 6.0761e-01  1.6598e+00  1.6989e-01 -1.4900e+00  6.6776e-01  4.9786e+00
 6.0864e-01  1.6720e+00  1.6601e-01 -1.5060e+00  6.6824e-01  5.0787e+00
 6.0966e-01  1.5237e+00  1.6213e-01 -1.3616e+00  6.6824e-01  4.1518e+00
 6.1069e-01  1.3021e+00  1.5823e-01 -1.1438e+00  6.6826e-01  2.9298e+00
 6.1171e-01  1.4911e+00  1.5433e-01 -1.3367e+00  6.6904e-01  3.9920e+00
 6.1274e-01  1.7530e+00  1.5042e-01 -1.6026e+00  6.7007e-01  5.7200e+00
 6.1376e-01  1.2913e+00  1.4651e-01 -1.1448e+00  6.6983e-01  2.9208e+00
 6.1479e-01  1.0799e+00  1.4260e-01 -9.3732e-01  6.7011e-01  1.9566e+00
 6.1581e-01  1.2071e+00  1.3869e-01 -1.0684e+00  6.7088e-01  2.5361e+00
 6.1684e-01  1.4705e+00  1.3478e-01 -1.3358e+00  6.7160e-01  3.9557e+00
 6.1786e-01  9.5788e-01  1.3088e-01 -8.2700e-01  6.7203e-01  1.5144e+00
 6.1889e-01  8.7884e-01  1.2699e-01 -7.5185e-01  6.7248e-01  1.2500e+00
 6.1991e-01  8.6587e-01  1.2310e-01 -7.4277e-01  6.7261e-01  1.2195e+00
 6.2094e-01  7.6321e-01  1.1922e-01 -6.4399e-01  6.7380e-01  9.1349e-01
 6.2196e-01  4.4714e-01  1.1535e-01 -3.3179e-01  6.7500e-01  2.4162e-01
 6.2299e-01  7.1548e-01  1.1149e-01 -6.0399e-01  6.7537e-01  7.9980e-01
 6.2401e-01  6.0957e-02  1.0765e-01  4.6696e-02  6.7572e-01  4.7756e-03
 6.2503e-01 -4.5473e-01  1.0383e-01  5.5856e-01  6.7628e-01  6.8217e-01
 6.2606e-01  2.9548e-01  1.0002e-01 -1.9546e-01  6.7733e-01  8.3272e-02
 6.2708e-01 -2.6355e-01  9.6231e-02  3.5978e-01  6.7787e-01  2.8169e-01
 6.2811e-01  3.5103e-01  9.2461e-02 -2.5856e-01  6.7862e-01  1.4517e-01
 6.2913e-01  1.2936e+00  8.8713e-02 -1.2049e+00  6.7978e-01  3.1417e+00
 6.3015e-01  9.9322e-01  8.4987e-02 -9.0823e-01  6.8041e-01  1.7818e+00
 6.3118e-01  8.0845e-01  8.1286e-02 -7.2716e-01  6.8075e-01  1.1410e+00
 6.3220e-01  1.1442e+00  7.7610e-02 -1.0666e+00  6.8119e-01  2.4517e+00
 6.3323e-01  6.0992e-01  7.3961e-02 -5.3596e-01  6.8186e-01  6.1784e-01
 6.3425e-01 -1.0687e+00  7.0340e-02  1.1390e+00  6.8268e-01  2.7836e+00
 6.3527e-01  6.5199e-01  6.6752e-02 -5.8524e-01  6.8342e-01  7.3332e-01
 6.3630e-01  9.2468e-01  6.3191e-02 -8.6149e-01  6.8399e-01  1.5864e+00
 6.3732e-01  7.2625e-01  5.9666e-02 -6.6658e-01  6.8432e-01  9.4884e-01
 6.3834e-01 -3.3176e-01  5.6171e-02  3.8793e-01  6.8465e-01  3.2105e-01
 6.3937e-01  8.1796e-01  5.2714e-02 -7.6525e-01  6.8514e-01  1.2475e+00
 6.4039e-01  1.0187e+00  4.9289e-02 -9.6941e-01  6.8560e-01  1.9993e+00
 6.4141e-01  9.4465e-01  4.5903e-02 -8.9875e-01  6.8610e-01  1.7159e+00
 6.4244e-01 -5.5627e-01  4.2556e-02  5.9883e-01  6.8621e-01  7.6154e-01
 6.4346e-01 -7.8623e-01  3.9245e-02  8.2547e-01  6.8697e-01  1.4439e+00
 6.4448e-01 -6.1891e-01  3.5976e-02  6.5489e-01  6.8719e-01  9.0820e-01
 6.4551e-01 -3.6918e-01  3.2749e-02  4.0193e-01  6.8759e-01  3.4170e-01
 6.4653e-01 -4.7580e-01  2.9563e-02  5.0537e-01  6.8810e-01  5.3941e-01
 6.4755e-01 -1.4186e-01  2.6421e-02  1.6829e-01  6.8821e-01  5.9793e-02
 6.4858e-01  4.6735e-01  2.3322e-02 -4.4402e-01  6.8905e-01  4.1525e-01
 6.4960e-01  7.0369e-01  2.0269e-02 -6.8342e-01  6.8876e-01  9.8455e-01
 6.5062e-01  1.4056e+00  1.7261e-02 -1.3884e+00  6.8985e-01  4.0503e+00
 6.5164e-01  1.2766e+00  1.4299e-02 -1.2623e+00  6.9029e-01  3.3438e+00
 6.5267e-01  1.2267e+00  1.1388e-02 -1.2153e+00  6.9045e-01  3.0981e+00
 6.5369e-01  1.3139e+00  8.5215e-03 -1.3053e+00  6.9069e-01  3.5717e+00
 6.5471e-01  1.5894e+00  5.7044e-03 -1.5837e+00  6.9147e-01  5.2457e+00
 6.5573e-01  1.3675e-01  2.9396e-03 -1.3381e-01  6.9143e-01  3.7453e-02
 6.5676e-01 -9.8307e-01  2.2245e-04  9.8329e-01  6.9137e-01  2.0228e+00
 6.5778e-01  5.8060e-01  2.4411e-03 -5.7816e-01  6.9163e-01  6.9878e-01
 6.5880e-01  6.7095e-01  5.0530e-03 -6.6589e-01  6.9186e-01  9.2635e-01
 6.5982e-01 -6.3647e-01  7.6153e-03  6.4408e-01  6.9254e-01  8.6496e-01
 6.6085e-01 -6.7229e-01  1.0122e-02  6.8241e-01  6.9266e-01  9.7063e-01
 6.6187e-01  1.1773e+00  1.2576e-02 -1.1647e+00  6.9327e-01  2.8226e+00
 6.6289e-01  1.7095e+00  1.4978e-02 -1.6945e+00  6.9385e-01  5.9643e+00
 6.6391e-01  1.6777e+00  1.7323e-02 -1.6603e+00  6.9398e-01  5.7240e+00
 6.6494e-01  1.4346e+00  1.9613e-02 -1.4150e+00  6.9405e-01  4.1563e+00
 6.6596e-01  1.3695e+00  2.1849e-02 -1.3476e+00  6.9468e-01  3.7632e+00
 6.6698e-01 -4.6050e-01  2.4028e-02  4.8452e-01  6.9471e-01  4.8643e-01
 6.6800e-01  9.3349e-01  2.6150e-02 -9.0734e-01  6.9527e-01  1.7031e+00
 6.6902e-01  9.4157e-01  2.8217e-02 -9.1336e-01  6.9494e-01  1.7274e+00
 6.7004e-01 -2.3253e-01  3.0227e-02  2.6276e-01  6.9534e-01  1.4280e-01
 6.7107e-01 -4.6177e-01  3.2180e-02  4.9395e-01  6.9623e-01  5.0335e-01
 6.7209e-01  4.7017e-01  3.4075e-02 -4.3610e-01  6.9620e-01  3.9236e-01
 6.7311e-01  9.0122e-01  3.5913e-02 -8.6530e-01  6.9607e-01  1.5453e+00
 6.7413e-01  1.4638e+00  3.7694e-02 -1.4261e+00  6.9734e-01  4.1824e+00
 6.7515e-01  1.1685e+00  3.9416e-02 -1.1291e+00  6.9768e-01  2.6190e+00
 6.7617e-01  1.1624e+00  4.1079e-02 -1.1213e+00  6.9825e-01  2.5789e+00
 6.7719e-01  4.8524e-01  4.2686e-02 -4.4256e-01  6.9794e-01  4.0207e-01
 6.7822e-01 -4.8799e-01  4.4233e-02  5.3223e-01  6.9831e-01  5.8089e-01
 6.7924e-01 -6.7074e-01  4.5723e-02  7.1646e-01  6.9877e-01  1.0513e+00
 6.8026e-01  8.6166e-01  4.7155e-02 -8.1451e-01  6.9970e-01  1.3551e+00
 6.8128e-01  3.4369e-01  4.8527e-02 -2.9516e-01  6.9977e-01  1.7791e-01
 6.8230e-01  8.0613e-01  4.9842e-02 -7.5629e-01  7.0015e-01  1.1668e+00
 6.8332e-01  9.2282e-01  5.1098e-02 -8.7172e-01  7.0052e-01  1.5485e+00
 6.8434e-01  9.7227e-01  5.2296e-02 -9.1997e-01  7.0154e-01  1.7197e+00
 6.8536e-01  1.3334e-01  5.3436e-02 -7.9907e-02  7.0147e-01  1.2976e-02
 6.8639e-01 -9.6897e-01  5.4519e-02  1.0235e+00  7.0144e-01  2.1291e+00
 6.8741e-01 -9.8245e-01  5.5542e-02  1.0380e+00  7.0241e-01  2.1838e+00
 6.8843e-01  1.1142e+00  5.6509e-02 -1.0577e+00  7.0318e-01  2.2624e+00
 6.8945e-01  1.3156e+00  5.7419e-02 -1.2581e+00  7.0364e-01  3.1972e+00
 6.9047e-01  1.1936e+00  5.8271e-02 -1.1353e+00  7.0447e-01  2.5972e+00
 6.9149e-01  1.2184e+00  5.9067e-02 -1.1593e+00  7.0533e-01  2.7015e+00
 6.9251e-01  7.7729e-01  5.9806e-02 -7.1749e-01  7.0602e-01  1.0328e+00
 6.9353e-01  7.8218e-01  6.0489e-02 -7.2170e-01  7.0643e-01  1.0437e+00
 6.9455e-01  7.2027e-01  6.1115e-02 -6.5916e-01  7.0718e-01  8.6880e-01
 6.9557e-01  7.6984e-01  6.1687e-02 -7.0816e-01  7.0766e-01  1.0014e+00
 6.9659e-01  9.6953e-01  6.2203e-02 -9.0732e-01  7.0841e-01  1.6404e+00
 6.9761e-01  2.9911e-01  6.2664e-02 -2.3644e-01  7.0886e-01  1.1126e-01
 6.9863e-01  6.2235e-01  6.3071e-02 -5.5928e-01  7.0961e-01  6.2117e-01
 6.9965e-01  1.2128e+00  6.3424e-02 -1.1494e+00  7.1072e-01  2.6155e+00
 7.0067e-01  1.6980e+00  6.3723e-02 -1.6342e+00  7.1208e-01  5.2671e+00
 7.0169e-01  1.7895e+00  6.3970e-02 -1.7256e+00  7.1337e-01  5.8509e+00
 7.0271e-01  1.5126e+00  6.4164e-02 -1.4484e+00  7.1402e-01  4.1150e+00
 7.0373e-01  1.0035e+00  6.4306e-02 -9.3918e-01  7.1431e-01  1.7287e+00
 7.0475e-01  5.8995e-01  6.4397e-02 -5.2555e-01  7.1477e-01  5.4062e-01
 7.0577e-01  8.6095e-01  6.4437e-02 -7.9651e-01  7.1539e-01  1.2396e+00
 7.0679e-01  8.3888e-01  6.4427e-02 -7.7446e-01  7.1668e-01  1.1677e+00
 7.0781e-01  4.7430e-01  6.4367e-02 -4.0994e-01  7.1806e-01  3.2592e-01
 7.0883e-01 -3.3850e-01  6.4258e-02  4.0276e-01  7.1851e-01  3.1421e-01
 7.0985e-01  9.7963e-01  6.4100e-02 -9.1553e-01  7.1986e-01  1.6175e+00
 7.1087e-01  7.6520e-01  6.3895e-02 -7.0130e-01  7.2011e-01  9.4846e-01
 7.1189e-01  7.0219e-01  6.3643e-02 -6.3855e-01  7.2099e-01  7.8439e-01
 7.1291e-01  8.6952e-01  6.3345e-02 -8.0618e-01  7.2257e-01  1.2448e+00
 7.1393e-01  8.5298e-01  6.3001e-02 -7.8998e-01  7.2412e-01  1.1902e+00
 7.1494e-01  6.3141e-02  6.2612e-02 -5.2940e-04  7.2450e-01  5.3394e-07
 7.1596e-01 -3.8738e-01  6.2179e-02  4.4956e-01  7.2545e-01  3.8402e-01
 7.1698e-01  9.2842e-01  6.1702e-02 -8.6672e-01  7.2642e-01  1.4236e+00
 7.1800e-01 -7.5916e-01  6.1183e-02  8.2034e-01  7.2678e-01  1.2740e+00
 7.1902e-01 -5.8079e-01  6.0622e-02  6.4142e-01  7.2771e-01  7.7689e-01
 7.2004e-01 -2.3403e-01  6.0019e-02  2.9405e-01  7.2912e-01  1.6264e-01
 7.2106e-01  5.5529e-01  5.9376e-02 -4.9591e-01  7.2996e-01  4.6155e-01
 7.2208e-01  6.4692e-01  5.8694e-02 -5.8823e-01  7.3075e-01  6.4798e-01
 7.2310e-01  5.7772e-01  5.7973e-02 -5.1974e-01  7.3194e-01  5.0423e-01
 7.2411e-01 -3.5097e-01  5.7214e-02  4.0818e-01  7.3294e-01  3.1015e-01
 7.2513e-01  1.0106e+00  5.6418e-02 -9.5421e-01  7.3388e-01  1.6906e+00
 7.2615e-01  1.6509e+00  5.5587e-02 -1.5953e+00  7.3551e-01  4.7045e+00
 7.2717e-01  1.7846e+00  5.4719e-02 -1.7299e+00  7.3664e-01  5.5149e+00
 7.2819e-01  1.4704e+00  5.3818e-02 -1.4166e+00  7.3764e-01  3.6879e+00
 7.2921e-01  7.2323e-01  5.2883e-02 -6.7035e-01  7.3793e-01  8.2522e-01
 7.3023e-01 -6.6139e-01  5.1914e-02  7.1330e-01  7.3928e-01  9.3095e-01
 7.3124e-01 -4.2627e-01  5.0915e-02  4.7718e-01  7.4069e-01  4.1505e-01
 7.3226e-01 -6.4465e-01  4.9884e-02  6.9453e-01  7.4144e-01  8.7746e-01
 7.3328e-01 -6.1374e-01  4.8824e-02  6.6257e-01  7.4234e-01  7.9662e-01
 7.3430e-01  4.5600e-01  4.7735e-02 -4.0827e-01  7.4326e-01  3.0173e-01
 7.3532e-01 -7.0682e-01  4.6617e-02  7.5344e-01  7.4473e-01  1.0235e+00
 7.3633e-01 -9.1534e-01  4.5473e-02  9.6081e-01  7.4592e-01  1.6592e+00
 7.3735e-01 -5.0288e-01  4.4302e-02  5.4718e-01  7.4661e-01  5.3713e-01
 7.3837e-01 -9.7176e-01  4.3106e-02  1.0149e+00  7.4818e-01  1.8399e+00
 7.3939e-01 -1.3496e+00  4.1885e-02  1.3915e+00  7.4878e-01  3.4535e+00
 7.4040e-01 -4.3384e-01  4.0641e-02  4.7448e-01  7.4946e-01  4.0080e-01
 7.4142e-01  5.4630e-01  3.9376e-02 -5.0692e-01  7.5045e-01  4.5629e-01
 7.4244e-01 -8.3454e-01  3.8087e-02  8.7262e-01  7.5132e-01  1.3490e+00
 7.4346e-01 -1.2541e+00  3.6779e-02  1.2908e+00  7.5244e-01  2.9430e+00
 7.4447e-01 -7.2858e-01  3.5451e-02  7.6403e-01  7.5323e-01  1.0289e+00
 7.4549e-01  9.2376e-01  3.4104e-02 -8.8966e-01  7.5499e-01  1.3886e+00
 7.4651e-01  1.1415e+00  3.2740e-02 -1.1087e+00  7.5588e-01  2.1515e+00
 7.4753e-01  1.1197e+00  3.1358e-02 -1.0884e+00  7.5682e-01  2.0681e+00
 7.4854e-01  1.1052e+00  2.9962e-02 -1.0753e+00  7.5794e-01  2.0125e+00
 7.4956e-01  1.3697e+00  2.8550e-02 -1.3411e+00  7.5914e-01  3.1209e+00
 7.5058e-01  1.3740e+00  2.7125e-02 -1.3469e+00  7.6040e-01  3.1374e+00
 7.5159e-01  9.4073e-01  2.5686e-02 -9.1504e-01  7.6113e-01  1.4453e+00
 7.5261e-01  5.6724e-01  2.4236e-02 -5.4301e-01  7.6220e-01  5.0754e-01
 7.5363e-01  1.1965e+00  2.2774e-02 -1.1738e+00  7.6027e-01  2.3835e+00
 7.5464e-01  1.2643e+00  2.1304e-02 -1.2430e+00  7.6143e-01  2.6648e+00
 7.5566e-01  7.0966e-01  1.9823e-02 -6.8984e-01  7.6252e-01  8.1845e-01
 7.5668e-01  4.5300e-01  1.8334e-02 -4.3467e-01  7.6299e-01  3.2454e-01
 7.5769e-01 -4.7241e-01  1.6839e-02  4.8925e-01  7.6378e-01  4.1032e-01
 7.5871e-01  6.5330e-01  1.5336e-02 -6.3796e-01  7.6479e-01  6.9584e-01
 7.5973e-01  1.0028e+00  1.3829e-02 -9.8898e-01  7.6629e-01  1.6656e+00
 7.6074e-01  1.8152e+00  1.2316e-02 -1.8029e+00  7.6814e-01  5.5091e+00
 7.6176e-01  1.4964e+00  1.0801e-02 -1.4856e+00  7.6914e-01  3.7307e+00
 7.6278e-01  1.3196e+00  9.2835e-03 -1.3103e+00  7.6941e-01  2.9003e+00
 7.6379e-01  1.1704e+00  7.7639e-03 -1.1626e+00  7.7058e-01  2.2764e+00
 7.6481e-01  8.9717e-01  6.2418e-03 -8.9093e-01  7.7445e-01  1.3234e+00
 7.6582e-01  4.2456e-01  4.7211e-03 -4.1984e-01  7.7526e-01  2.9328e-01
 7.6684e-01  1.4588e+00  3.2013e-03 -1.4556e+00  7.7707e-01  3.5088e+00
 7.6786e-01  1.5565e+00  1.6833e-03 -1.5548e+00  7.7815e-01  3.9922e+00
 7.6887e-01  1.1616e+00  1.6925e-04 -1.1614e+00  7.7953e-01  2.2197e+00
 7.6989e-01  1.0425e+00  1.3428e-03 -1.0411e+00  7.8058e-01  1.7790e+00
 7.7090e-01  2.8506e-01  2.8506e-03 -2.8221e-01  7.8161e-01  1.3037e-01
 7.7192e-01 -4.3455e-01  4.3533e-03  4.3890e-01  7.8281e-01  3.1436e-01
 7.7294e-01  1.0799e+00  5.8485e-03 -1.0740e+00  7.8406e-01  1.8765e+00
 7.7395e-01  1.4446e+00  7.3384e-03 -1.4373e+00  7.8530e-01  3.3497e+00
 7.7497e-01  1.5229e+00  8.8193e-03 -1.5141e+00  7.8679e-01  3.7033e+00
 7.7598e-01  2.0105e+00  1.0293e-02 -2.0002e+00  7.8845e-01  6.4359e+00
 7.7700e-01  1.8771e+00  1.1757e-02 -1.8653e+00  7.8891e-01  5.5906e+00
 7.7801e-01  1.5480e+00  1.3210e-02 -1.5348e+00  7.8993e-01  3.7749e+00
 7.7903e-01  9.5004e-01  1.4654e-02 -9.3538e-01  7.9125e-01  1.3975e+00
 7.8004e-01  1.3240e+00  1.6085e-02 -1.3079e+00  7.9233e-01  2.7248e+00
 7.8106e-01  3.5661e-01  1.7504e-02 -3.3911e-01  7.9380e-01  1.8249e-01
 7.8207e-01  9.3780e-01  1.8910e-02 -9.1889e-01  7.9467e-01  1.3370e+00
 7.8309e-01  8.6729e-01  2.0302e-02 -8.4699e-01  7.9554e-01  1.1335e+00
 7.8410e-01  4.9619e-01  2.1680e-02 -4.7451e-01  7.9708e-01  3.5439e-01
 7.8512e-01  9.7099e-01  2.3043e-02 -9.4794e-01  7.9868e-01  1.4087e+00
 7.8613e-01  1.6087e+00  2.4389e-02 -1.5843e+00  8.0027e-01  3.9192e+00
 7.8715e-01  1.4538e+00  2.5720e-02 -1.4280e+00  8.0112e-01  3.1775e+00
 7.8816e-01  1.1170e+00  2.7033e-02 -1.0900e+00  8.0239e-01  1.8454e+00
 7.8918e-01  6.1147e-01  2.8328e-02 -5.8314e-01  8.0346e-01  5.2677e-01
 7.9019e-01  3.3020e-01  2.9605e-02 -3.0059e-01  8.0553e-01  1.3925e-01
 7.9121e-01  7.5183e-01  3.0862e-02 -7.2096e-01  8.0626e-01  7.9961e-01
 7.9222e-01 -6.3565e-01  3.2101e-02  6.6775e-01  8.0728e-01  6.8420e-01
 7.9323e-01 -4.3442e-01  3.3318e-02  4.6773e-01  8.0871e-01  3.3451e-01
 7.9425e-01  1.2514e+00  3.4515e-02 -1.2169e+00  8.1081e-01  2.2526e+00
 7.9526e-01  1.2174e+00  3.5690e-02 -1.1817e+00  8.1108e-01  2.1228e+00
 7.9628e-01  6.4796e-01  3.6844e-02 -6.1111e-01  8.1193e-01  5.6651e-01
 7.9729e-01  8.3616e-01  3.7975e-02 -7.9818e-01  8.1367e-01  9.6228e-01
 7.9830e-01  1.1317e+00  3.9083e-02 -1.0926e+00  8.1539e-01  1.7954e+00
 7.9932e-01  7.4380e-01  4.0168e-02 -7.0363e-01  8.1638e-01  7.4285e-01
 8.0033e-01  1.1901e+00  4.1229e-02 -1.1489e+00  8.1805e-01  1.9723e+00
 8.0135e-01  1.3978e+00  4.2265e-02 -1.3555e+00  8.1965e-01  2.7350e+00
 8.0236e-01  9.6173e-01  4.3277e-02 -9.1846e-01  8.2124e-01  1.2508e+00
 8.0337e-01  1.0874e+00  4.4262e-02 -1.0432e+00  8.2268e-01  1.6079e+00
 8.0439e-01  1.1764e+00  4.5223e-02 -1.1312e+00  8.2351e-01  1.8868e+00
 8.0540e-01  1.0971e+00  4.6157e-02 -1.0509e+00  8.2415e-01  1.6261e+00
 8.0641e-01  5.8323e-01  4.7065e-02 -5.3617e-01  8.2630e-01  4.2104e-01
 8.0743e-01  8.2093e-01  4.7945e-02 -7.7298e-01  8.2735e-01  8.7290e-01
 8.0844e-01  1.3103e+00  4.8800e-02 -1.2615e+00  8.2894e-01  2.3159e+00
 8.0945e-01  1.0054e+00  4.9625e-02 -9.5581e-01  8.3019e-01  1.3255e+00
 8.1047e-01  7.3613e-01  5.0423e-02 -6.8571e-01  8.3195e-01  6.7933e-01
 8.1148e-01  5.5004e-01  5.1193e-02 -4.9885e-01  8.3309e-01  3.5855e-01
 8.1249e-01 -6.2296e-01  5.1934e-02  6.7489e-01  8.3506e-01  6.5319e-01
 8.1351e-01  1.2788e+00  5.2646e-02 -1.2261e+00  8.3649e-01  2.1486e+00
 8.1452e-01  1.0875e+00  5.3329e-02 -1.0342e+00  8.3853e-01  1.5211e+00
 8.1553e-01  5.8703e-01  5.3983e-02 -5.3304e-01  8.3893e-01  4.0372e-01
 8.1654e-01 -1.0820e+00  5.4608e-02  1.1366e+00  8.4131e-01  1.8251e+00
 8.1756e-01  1.3160e+00  5.5202e-02 -1.2608e+00  8.4268e-01  2.2384e+00
 8.1857e-01  1.6986e+00  5.5766e-02 -1.6429e+00  8.4413e-01  3.7877e+00
 8.1958e-01  9.5210e-01  5.6301e-02 -8.9580e-01  8.4455e-01  1.1250e+00
 8.2059e-01 -9.1488e-01  5.6805e-02  9.7169e-01  8.4569e-01  1.3202e+00
 8.2161e-01 -1.0722e+00  5.7278e-02  1.1295e+00  8.4795e-01  1.7742e+00
 8.2262e-01 -9.3905e-01  5.7721e-02  9.9677e-01  8.4974e-01  1.3760e+00
 8.2363e-01  2.0091e-01  5.8133e-02 -1.4278e-01  8.5112e-01  2.8140e-02
 8.2464e-01  1.2845e+00  5.8514e-02 -1.2260e+00  8.5214e-01  2.0699e+00
 8.2566e-01  1.6126e+00  5.8865e-02 -1.5537e+00  8.5347e-01  3.3142e+00
 8.2667e-01  1.3535e+00  5.9184e-02 -1.2943e+00  8.5524e-01  2.2904e+00
 8.2768e-01  1.0205e+00  5.9472e-02 -9.6107e-01  8.5718e-01  1.2571e+00
 8.2869e-01  1.5390e+00  5.9729e-02 -1.4792e+00  8.5995e-01  2.9589e+00
 8.2970e-01  1.1028e+00  5.9955e-02 -1.0429e+00  8.6080e-01  1.4677e+00
 8.3072e-01  4.7249e-01  6.0150e-02 -4.1234e-01  8.6112e-01  2.2929e-01
 8.3173e-01 -7.3451e-01  6.0313e-02  7.9482e-01  8.6337e-01  8.4752e-01
 8.3274e-01  6.6703e-01  6.0446e-02 -6.0659e-01  8.6465e-01  4.9216e-01
 8.3375e-01 -1.0952e+00  6.0547e-02  1.1558e+00  8.6582e-01  1.7819e+00
 8.3476e-01  8.6563e-01  6.0618e-02 -8.0501e-01  8.6730e-01  8.6151e-01
 8.3577e-01  9.1163e-01  6.0657e-02 -8.5097e-01  8.6908e-01  9.5877e-01
 8.3679e-01 -7.6302e-01  6.0665e-02  8.2369e-01  8.7039e-01  8.9557e-01
 8.3780e-01 -9.8211e-01  6.0643e-02  1.0427e+00  8.7178e-01  1.4307e+00
 8.3881e-01  1.0724e+00  6.0590e-02 -1.0118e+00  8.7275e-01  1.3440e+00
 8.3982e-01  5.9969e-01  6.0506e-02 -5.3918e-01  8.7530e-01  3.7945e-01
 8.4083e-01 -5.4776e-01  6.0391e-02  6.0815e-01  8.7737e-01  4.8046e-01
 8.4184e-01  3.0755e-01  6.0247e-02 -2.4730e-01  8.7872e-01  7.9206e-02
 8.4285e-01  9.9411e-01  6.0072e-02 -9.3404e-01  8.7997e-01  1.1267e+00
 8.4386e-01  1.2425e+00  5.9867e-02 -1.1826e+00  8.8182e-01  1.7986e+00
 8.4487e-01 -7.9215e-01  5.9633e-02  8.5178e-01  8.8279e-01  9.3098e-01
 8.4588e-01  1.0146e+00  5.9369e-02 -9.5525e-01  8.8474e-01  1.1657e+00
 8.4690e-01  5.1930e-01  5.9075e-02 -4.6022e-01  8.8565e-01  2.7003e-01
 8.4791e-01 -3.2456e-01  5.8752e-02  3.8331e-01  8.8804e-01  1.8631e-01
 8.4892e-01  7.2346e-01  5.8401e-02 -6.6506e-01  8.9038e-01  5.5791e-01
 8.4993e-01 -6.3811e-01  5.8020e-02  6.9613e-01  8.9169e-01  6.0946e-01
 8.5094e-01 -1.0434e+00  5.7612e-02  1.1010e+00  8.9218e-01  1.5229e+00
 8.5195e-01 -9.3662e-01  5.7175e-02  9.9380e-01  8.9419e-01  1.2352e+00
 8.5296e-01 -7.5215e-01  5.6710e-02  8.0886e-01  8.9571e-01  8.1548e-01
 8.5397e-01 -1.1706e+00  5.6217e-02  1.2268e+00  8.9769e-01  1.8677e+00
 8.5498e-01 -1.3334e+00  5.5698e-02  1.3891e+00  8.9896e-01  2.3877e+00
 8.5599e-01 -1.1189e+00  5.5151e-02  1.1741e+00  9.0051e-01  1.6999e+00
 8.5700e-01  4.1190e-01  5.4578e-02 -3.5732e-01  9.0285e-01  1.5664e-01
 8.5801e-01  4.5233e-01  5.3979e-02 -3.9835e-01  9.0441e-01  1.9400e-01
 8.5902e-01 -2.6326e-01  5.3354e-02  3.1662e-01  9.0553e-01  1.2225e-01
 8.6003e-01 -1.3392e+00  5.2703e-02  1.3919e+00  9.0793e-01  2.3501e+00
 8.6104e-01 -1.4171e+00  5.2027e-02  1.4691e+00  9.0880e-01  2.6132e+00
 8.6205e-01 -6.2690e-01  5.1326e-02  6.7822e-01  9.1035e-01  5.5504e-01
 8.6306e-01 -4.1625e-01  5.0601e-02  4.6685e-01  9.1191e-01  2.6209e-01
 8.6407e-01 -1.2130e+00  4.9852e-02  1.2629e+00  9.1365e-01  1.9105e+00
 8.6508e-01 -1.1974e+00  4.9079e-02  1.2465e+00  9.1530e-01  1.8545e+00
 8.6609e-01 -1.0315e+00  4.8283e-02  1.0798e+00  9.1754e-01  1.3849e+00
 8.6709e-01 -2.8733e-01  4.7465e-02  3.3480e-01  9.1920e-01  1.3266e-01
 8.6810e-01 -7.2033e-01  4.6624e-02  7.6695e-01  9.2079e-01  6.9377e-01
 8.6911e-01  9.5301e-01  4.5760e-02 -9.0725e-01  9.1941e-01  9.7373e-01
 8.7012e-01  1.1173e+00  4.4876e-02 -1.0724e+00  9.2169e-01  1.3537e+00
 8.7113e-01  1.0166e+00  4.3971e-02 -9.7260e-01  9.2253e-01  1.1115e+00
 8.7214e-01  1.0906e+00  4.3045e-02 -1.0476e+00  9.2424e-01  1.2847e+00
 8.7315e-01  3.6839e-01  4.2099e-02 -3.2629e-01  9.2563e-01  1.2426e-01
 8.7416e-01  7.9204e-01  4.1135e-02 -7.5091e-01  9.2717e-01  6.5593e-01
 8.7517e-01 -9.7619e-01  4.0150e-02  1.0163e+00  9.2924e-01  1.1962e+00
 8.7618e-01 -1.7351e+00  3.9147e-02  1.7743e+00  9.3108e-01  3.6314e+00
 8.7718e-01 -1.2403e+00  3.8127e-02  1.2784e+00  9.3240e-01  1.8799e+00
 8.7819e-01 -1.2949e+00  3.7088e-02  1.3320e+00  9.3555e-01  2.0272e+00
 8.7920e-01 -1.5751e+00  3.6033e-02  1.6111e+00  9.4099e-01  2.9314e+00
 8.8021e-01 -1.3181e+00  3.4960e-02  1.3530e+00  9.4315e-01  2.0581e+00
 8.8122e-01  9.6913e-01  3.3873e-02 -9.3526e-01  9.4500e-01  9.7948e-01
 8.8223e-01  1.3579e+00  3.2769e-02 -1.3252e+00  9.4576e-01  1.9632e+00
 8.8323e-01  1.1804e+00  3.1651e-02 -1.1488e+00  9.4740e-01  1.4702e+00
 8.8424e-01  3.2423e-01  3.0518e-02 -2.9371e-01  9.4930e-01  9.5727e-02
 8.8525e-01 -7.3899e-01  2.9372e-02  7.6837e-01  9.5084e-01  6.5301e-01
 8.8626e-01 -1.1708e+00  2.8211e-02  1.1990e+00  9.5292e-01  1.5831e+00
 8.8727e-01 -1.0157e+00  2.7038e-02  1.0427e+00  9.5445e-01  1.1936e+00
 8.8827e-01  4.1846e-01  2.5853e-02 -3.9260e-01  9.5625e-01  1.6856e-01
 8.8928e-01  4.6843e-01  2.4656e-02 -4.4377e-01  9.5788e-01  2.1464e-01
 8.9029e-01 -9.6091e-01  2.3448e-02  9.8436e-01  9.6008e-01  1.0512e+00
 8.9130e-01  5.0934e-01  2.2229e-02 -4.8711e-01  9.6207e-01  2.5635e-01
 8.9230e-01  8.0426e-01  2.1001e-02 -7.8326e-01  9.6357e-01  6.6076e-01
 8.9331e-01  1.0048e+00  1.9762e-02 -9.8508e-01  9.6665e-01  1.0385e+00
 8.9432e-01  1.7634e+00  1.8516e-02 -1.7449e+00  9.6823e-01  3.2476e+00
 8.9533e-01  1.6273e+00  1.7260e-02 -1.6101e+00  9.6931e-01  2.7591e+00
 8.9633e-01  3.2920e-01  1.5997e-02 -3.1321e-01  9.7107e-01  1.0403e-01
 8.9734e-01  1.1886e+00  1.4726e-02 -1.1739e+00  9.7246e-01  1.4571e+00
 8.9835e-01  1.7522e+00  1.3449e-02 -1.7387e+00  9.7560e-01  3.1762e+00
 8.9936e-01  1.6692e+00  1.2165e-02 -1.6571e+00  9.7773e-01  2.8724e+00
 9.0036e-01 -6.3994e-01  1.0878e-02  6.5082e-01  9.7917e-01  4.4178e-01
 9.0137e-01 -1.3450e+00  9.5837e-03  1.3546e+00  9.8042e-01  1.9091e+00
 9.0238e-01 -1.4208e+00  8.2852e-03  1.4290e+00  9.8312e-01  2.1129e+00
