 2.2528e-01  9.6545e-01  9.1765e-01 -4.7805e-02  7.1228e+00  4.5045e-05
 2.2632e-01  9.4364e-01  9.0400e-01 -3.9645e-02  7.1230e+00  3.0977e-05
 2.2736e-01  9.0601e-01  8.9018e-01 -1.5827e-02  7.1093e+00  4.9559e-06
 2.2840e-01  8.9638e-01  8.7620e-01 -2.0181e-02  7.1132e+00  8.0495e-06
 2.2944e-01  8.9617e-01  8.6206e-01 -3.4107e-02  7.1138e+00  2.2987e-05
 2.3049e-01  8.8649e-01  8.4776e-01 -3.8722e-02  7.1034e+00  2.9716e-05
 2.3153e-01  8.5820e-01  8.3332e-01 -2.4886e-02  7.0716e+00  1.2384e-05
 2.3257e-01  8.2311e-01  8.1872e-01 -4.3824e-03  7.0271e+00  3.8893e-07
 2.3361e-01  8.0849e-01  8.0400e-01 -4.4874e-03  6.9844e+00  4.1279e-07
 2.3465e-01  7.9850e-01  7.8913e-01 -9.3715e-03  6.9361e+00  1.8255e-06
 2.3569e-01  7.6987e-01  7.7414e-01  4.2767e-03  6.8731e+00  3.8719e-07
 2.3674e-01  7.4851e-01  7.5901e-01  1.0504e-02  6.8050e+00  2.3824e-06
 2.3778e-01  7.3606e-01  7.4378e-01  7.7213e-03  6.7438e+00  1.3109e-06
 2.3882e-01  7.0998e-01  7.2841e-01  1.8435e-02  6.6696e+00  7.6396e-06
 2.3986e-01  6.9520e-01  7.1295e-01  1.7754e-02  6.5965e+00  7.2441e-06
 2.4090e-01  6.6962e-01  6.9738e-01  2.7759e-02  6.5094e+00  1.8186e-05
 2.4194e-01  6.6777e-01  6.8170e-01  1.3933e-02  6.4239e+00  4.7041e-06
 2.4298e-01  6.6683e-01  6.6593e-01 -8.9779e-04  6.3400e+00  2.0053e-08
 2.4402e-01  6.3919e-01  6.5008e-01  1.0893e-02  6.2345e+00  3.0529e-06
 2.4507e-01  6.1731e-01  6.3414e-01  1.6832e-02  6.1275e+00  7.5459e-06
 2.4611e-01  6.0034e-01  6.1812e-01  1.7775e-02  6.0279e+00  8.6951e-06
 2.4715e-01  5.8769e-01  6.0202e-01  1.4333e-02  5.9195e+00  5.8631e-06
 2.4819e-01  5.8572e-01  5.8586e-01  1.3996e-04  5.8037e+00  5.8156e-10
 2.4923e-01  5.6987e-01  5.6963e-01 -2.3963e-04  5.6850e+00  1.7767e-09
 2.5027e-01  5.4018e-01  5.5336e-01  1.3176e-02  5.5566e+00  5.6224e-06
 2.5131e-01  5.1491e-01  5.3701e-01  2.2103e-02  5.4293e+00  1.6573e-05
 2.5235e-01  4.9352e-01  5.2062e-01  2.7108e-02  5.3015e+00  2.6145e-05
 2.5339e-01  4.7484e-01  5.0420e-01  2.9363e-02  5.1752e+00  3.2192e-05
 2.5443e-01  4.6384e-01  4.8773e-01  2.3895e-02  5.0494e+00  2.2394e-05
 2.5547e-01  4.3944e-01  4.7123e-01  3.1783e-02  4.9136e+00  4.1839e-05
 2.5651e-01  4.2410e-01  4.5471e-01  3.0613e-02  4.8008e+00  4.0662e-05
 2.5755e-01  4.2511e-01  4.3817e-01  1.3061e-02  4.6726e+00  7.8136e-06
 2.5860e-01  4.0144e-01  4.2160e-01  2.0157e-02  4.5364e+00  1.9744e-05
 2.5964e-01  3.8665e-01  4.0503e-01  1.8375e-02  4.3833e+00  1.7574e-05
 2.6067e-01  3.6282e-01  3.8845e-01  2.5630e-02  4.2488e+00  3.6390e-05
 2.6172e-01  3.3359e-01  3.7186e-01  3.8277e-02  4.1072e+00  8.6853e-05
 2.6276e-01  3.2793e-01  3.5529e-01  2.7361e-02  3.9729e+00  4.7431e-05
 2.6380e-01  3.1443e-01  3.3873e-01  2.4297e-02  3.8482e+00  3.9866e-05
 2.6484e-01  2.9821e-01  3.2218e-01  2.3969e-02  3.7175e+00  4.1573e-05
 2.6588e-01  2.8036e-01  3.0564e-01  2.5282e-02  3.5828e+00  4.9793e-05
 2.6692e-01  2.7152e-01  2.8914e-01  1.7623e-02  3.4542e+00  2.6028e-05
 2.6796e-01  2.6768e-01  2.7266e-01  4.9826e-03  3.3269e+00  2.2431e-06
 2.6900e-01  2.4750e-01  2.5622e-01  8.7222e-03  3.2004e+00  7.4276e-06
 2.7004e-01  2.2588e-01  2.3982e-01  1.3935e-02  3.0800e+00  2.0470e-05
 2.7108e-01  2.0214e-01  2.2347e-01  2.1335e-02  2.9598e+00  5.1962e-05
 2.7211e-01  1.9608e-01  2.0716e-01  1.1085e-02  2.8432e+00  1.5200e-05
 2.7315e-01  1.8575e-01  1.9091e-01  5.1568e-03  2.7308e+00  3.5660e-06
 2.7420e-01  1.6932e-01  1.7471e-01  5.3878e-03  2.6197e+00  4.2299e-06
 2.7523e-01  1.4436e-01  1.5860e-01  1.4240e-02  2.5129e+00  3.2113e-05
 2.7627e-01  1.3035e-01  1.4253e-01  1.2180e-02  2.4153e+00  2.5430e-05
 2.7731e-01  1.1507e-01  1.2656e-01  1.1488e-02  2.3110e+00  2.4709e-05
 2.7835e-01  1.1988e-01  1.1065e-01 -9.2336e-03  2.2207e+00  1.7288e-05
 2.7939e-01  1.2266e-01  9.4836e-02 -2.7829e-02  2.1363e+00  1.6969e-04
 2.8043e-01  1.2453e-01  7.9111e-02 -4.5416e-02  2.0553e+00  4.8826e-04
 2.8147e-01  1.5138e-01  6.3464e-02 -8.7917e-02  1.9810e+00  1.9697e-03
 2.8251e-01  1.5321e-01  4.7929e-02 -1.0528e-01  1.9084e+00  3.0433e-03
 2.8355e-01  1.5476e-01  3.2496e-02 -1.2227e-01  1.8410e+00  4.4107e-03
 2.8459e-01  1.4252e-01  1.7168e-02 -1.2535e-01  1.7799e+00  4.9596e-03
 2.8563e-01  1.3782e-01  1.9358e-03 -1.3589e-01  1.7274e+00  6.1882e-03
 2.8667e-01  1.5757e-01  1.3167e-02 -1.4441e-01  1.6854e+00  7.3413e-03
 2.8771e-01  1.6158e-01  2.8150e-02 -1.3343e-01  1.6484e+00  6.5522e-03
 2.8874e-01  1.6308e-01  4.3011e-02 -1.2007e-01  1.6208e+00  5.4877e-03
 2.8978e-01  1.7047e-01  5.7743e-02 -1.1273e-01  1.6040e+00  4.9390e-03
 2.9082e-01  1.6239e-01  7.2345e-02 -9.0045e-02  1.5926e+00  3.1968e-03
 2.9186e-01  1.5015e-01  8.6796e-02 -6.3357e-02  1.5867e+00  1.5944e-03
 2.9290e-01  1.4497e-01  1.0112e-01 -4.3850e-02  1.5900e+00  7.6059e-04
 2.9394e-01  1.5397e-01  1.1530e-01 -3.8663e-02  1.6042e+00  5.8089e-04
 2.9498e-01  1.7387e-01  1.2934e-01 -4.4533e-02  1.6268e+00  7.4942e-04
 2.9602e-01  1.9266e-01  1.4321e-01 -4.9450e-02  1.6534e+00  8.9456e-04
 2.9706e-01  2.1819e-01  1.5694e-01 -6.1254e-02  1.6849e+00  1.3216e-03
 2.9809e-01  2.3360e-01  1.7051e-01 -6.3090e-02  1.7189e+00  1.3471e-03
 2.9913e-01  2.2171e-01  1.8390e-01 -3.7806e-02  1.7555e+00  4.6379e-04
 3.0017e-01  2.2488e-01  1.9714e-01 -2.7737e-02  1.7958e+00  2.3856e-04
 3.0121e-01  2.4468e-01  2.1020e-01 -3.4476e-02  1.8404e+00  3.5094e-04
 3.0225e-01  2.6195e-01  2.2310e-01 -3.8852e-02  1.8906e+00  4.2228e-04
 3.0329e-01  2.7303e-01  2.3581e-01 -3.7217e-02  1.9340e+00  3.7031e-04
 3.0432e-01  2.8105e-01  2.4834e-01 -3.2708e-02  1.9799e+00  2.7290e-04
 3.0536e-01  2.7904e-01  2.6070e-01 -1.8344e-02  2.0259e+00  8.1992e-05
 3.0640e-01  2.7571e-01  2.7286e-01 -2.8519e-03  2.0737e+00  1.8913e-06
 3.0744e-01  3.0245e-01  2.8484e-01 -1.7612e-02  2.1234e+00  6.8796e-05
 3.0848e-01  3.1903e-01  2.9662e-01 -2.2407e-02  2.1739e+00  1.0624e-04
 3.0951e-01  3.3681e-01  3.0821e-01 -2.8608e-02  2.2218e+00  1.6579e-04
 3.1055e-01  3.4230e-01  3.1960e-01 -2.2706e-02  2.2682e+00  1.0021e-04
 3.1159e-01  3.4549e-01  3.3079e-01 -1.4704e-02  2.3130e+00  4.0413e-05
 3.1263e-01  3.6662e-01  3.4178e-01 -2.4846e-02  2.3598e+00  1.1086e-04
 3.1367e-01  3.8588e-01  3.5256e-01 -3.3326e-02  2.4042e+00  1.9214e-04
 3.1471e-01  3.8405e-01  3.6313e-01 -2.0922e-02  2.4439e+00  7.3288e-05
 3.1574e-01  4.0098e-01  3.7350e-01 -2.7486e-02  2.4840e+00  1.2244e-04
 3.1678e-01  4.1106e-01  3.8365e-01 -2.7411e-02  2.5215e+00  1.1818e-04
 3.1782e-01  4.1923e-01  3.9359e-01 -2.5649e-02  2.5556e+00  1.0073e-04
 3.1886e-01  4.3102e-01  4.0330e-01 -2.7722e-02  2.5897e+00  1.1459e-04
 3.1989e-01  4.4042e-01  4.1280e-01 -2.7624e-02  2.6210e+00  1.1108e-04
 3.2093e-01  4.4725e-01  4.2208e-01 -2.5176e-02  2.6511e+00  9.0180e-05
 3.2197e-01  4.4736e-01  4.3113e-01 -1.6234e-02  2.6756e+00  3.6813e-05
 3.2301e-01  4.4960e-01  4.3996e-01 -9.6423e-03  2.6980e+00  1.2773e-05
 3.2404e-01  4.4997e-01  4.4856e-01 -1.4145e-03  2.7175e+00  2.7092e-07
 3.2508e-01  4.7323e-01  4.5694e-01 -1.6299e-02  2.7393e+00  3.5403e-05
 3.2612e-01  4.8961e-01  4.6508e-01 -2.4537e-02  2.7584e+00  7.9129e-05
 3.2716e-01  4.9061e-01  4.7299e-01 -1.7618e-02  2.7734e+00  4.0352e-05
 3.2819e-01  5.0103e-01  4.8067e-01 -2.0355e-02  2.7824e+00  5.3520e-05
 3.2923e-01  4.9384e-01  4.8811e-01 -5.7295e-03  2.7883e+00  4.2223e-06
 3.3027e-01  5.1174e-01  4.9533e-01 -1.6415e-02  2.7934e+00  3.4530e-05
 3.3131e-01  5.1930e-01  5.0230e-01 -1.6999e-02  2.7989e+00  3.6889e-05
 3.3234e-01  5.1706e-01  5.0904e-01 -8.0233e-03  2.7969e+00  8.2289e-06
 3.3338e-01  5.2202e-01  5.1554e-01 -6.4869e-03  2.7960e+00  5.3828e-06
 3.3442e-01  5.2665e-01  5.2179e-01 -4.8524e-03  2.7922e+00  3.0202e-06
 3.3546e-01  5.3213e-01  5.2782e-01 -4.3095e-03  2.7858e+00  2.3931e-06
 3.3649e-01  5.4569e-01  5.3360e-01 -1.2093e-02  2.7775e+00  1.8958e-05
 3.3753e-01  5.4489e-01  5.3914e-01 -5.7496e-03  2.7689e+00  4.3119e-06
 3.3857e-01  5.3915e-01  5.4443e-01  5.2771e-03  2.7543e+00  3.6709e-06
 3.3960e-01  5.3005e-01  5.4948e-01  1.9428e-02  2.7338e+00  5.0501e-05
 3.4064e-01  5.4263e-01  5.5429e-01  1.1660e-02  2.7161e+00  1.8429e-05
 3.4168e-01  5.4764e-01  5.5886e-01  1.1224e-02  2.6990e+00  1.7295e-05
 3.4271e-01  5.4737e-01  5.6319e-01  1.5819e-02  2.6785e+00  3.4880e-05
 3.4375e-01  5.5325e-01  5.6727e-01  1.4022e-02  2.6525e+00  2.7944e-05
 3.4479e-01  5.5763e-01  5.7111e-01  1.3473e-02  2.6268e+00  2.6307e-05
 3.4582e-01  5.5674e-01  5.7471e-01  1.7966e-02  2.6002e+00  4.7740e-05
 3.4686e-01  5.6338e-01  5.7806e-01  1.4679e-02  2.5705e+00  3.2612e-05
 3.4790e-01  5.5995e-01  5.8117e-01  2.1218e-02  2.5377e+00  6.9909e-05
 3.4893e-01  5.6740e-01  5.8404e-01  1.6638e-02  2.5067e+00  4.4057e-05
 3.4997e-01  5.6876e-01  5.8666e-01  1.7902e-02  2.4743e+00  5.2347e-05
 3.5101e-01  5.5773e-01  5.8905e-01  3.1324e-02  2.4365e+00  1.6528e-04
 3.5204e-01  5.4847e-01  5.9120e-01  4.2727e-02  2.3977e+00  3.1754e-04
 3.5308e-01  5.4965e-01  5.9310e-01  4.3446e-02  2.3588e+00  3.3925e-04
 3.5412e-01  5.4440e-01  5.9477e-01  5.0368e-02  2.3189e+00  4.7178e-04
 3.5515e-01  5.4010e-01  5.9619e-01  5.6092e-02  2.2809e+00  6.0476e-04
 3.5619e-01  5.3857e-01  5.9738e-01  5.8810e-02  2.2396e+00  6.8956e-04
 3.5722e-01  5.3765e-01  5.9833e-01  6.0679e-02  2.1998e+00  7.6089e-04
 3.5826e-01  5.3077e-01  5.9905e-01  6.8277e-02  2.1590e+00  1.0001e-03
 3.5930e-01  5.3278e-01  5.9953e-01  6.6749e-02  2.1173e+00  9.9388e-04
 3.6033e-01  5.3169e-01  5.9978e-01  6.8087e-02  2.0745e+00  1.0773e-03
 3.6137e-01  5.2630e-01  5.9980e-01  7.3497e-02  2.0311e+00  1.3095e-03
 3.6240e-01  5.2513e-01  5.9958e-01  7.4454e-02  1.9893e+00  1.4008e-03
 3.6344e-01  5.1883e-01  5.9914e-01  8.0308e-02  1.9458e+00  1.7034e-03
 3.6448e-01  5.2368e-01  5.9847e-01  7.4788e-02  1.9015e+00  1.5470e-03
 3.6551e-01  5.1654e-01  5.9757e-01  8.1032e-02  1.8573e+00  1.9035e-03
 3.6655e-01  5.1688e-01  5.9645e-01  7.9570e-02  1.8146e+00  1.9228e-03
 3.6758e-01  5.2590e-01  5.9511e-01  6.9205e-02  1.7737e+00  1.5223e-03
 3.6862e-01  5.1875e-01  5.9354e-01  7.4791e-02  1.7306e+00  1.8676e-03
 3.6966e-01  5.1260e-01  5.9176e-01  7.9160e-02  1.6900e+00  2.1940e-03
 3.7069e-01  5.1476e-01  5.8976e-01  7.4998e-02  1.6505e+00  2.0647e-03
 3.7173e-01  5.1601e-01  5.8754e-01  7.1531e-02  1.6102e+00  1.9734e-03
 3.7276e-01  5.0987e-01  5.8511e-01  7.5234e-02  1.5720e+00  2.2905e-03
 3.7380e-01  5.1467e-01  5.8247e-01  6.7793e-02  1.5359e+00  1.9481e-03
 3.7483e-01  5.2107e-01  5.7962e-01  5.8549e-02  1.5016e+00  1.5203e-03
 3.7587e-01  5.2102e-01  5.7656e-01  5.5540e-02  1.4680e+00  1.4313e-03
 3.7690e-01  5.2413e-01  5.7330e-01  4.9163e-02  1.4368e+00  1.1707e-03
 3.7794e-01  5.2766e-01  5.6983e-01  4.2169e-02  1.4073e+00  8.9792e-04
 3.7897e-01  5.3185e-01  5.6617e-01  3.4318e-02  1.3801e+00  6.1831e-04
 3.8001e-01  5.3628e-01  5.6231e-01  2.6024e-02  1.3570e+00  3.6778e-04
 3.8105e-01  5.4784e-01  5.5825e-01  1.0405e-02  1.3352e+00  6.0734e-05
 3.8208e-01  5.5218e-01  5.5400e-01  1.8230e-03  1.3165e+00  1.9173e-06
 3.8311e-01  5.4905e-01  5.4956e-01  5.1493e-04  1.3001e+00  1.5687e-07
 3.8415e-01  5.5056e-01  5.4494e-01 -5.6267e-03  1.2874e+00  1.9102e-05
 3.8518e-01  5.5247e-01  5.4013e-01 -1.2338e-02  1.2780e+00  9.3208e-05
 3.8622e-01  5.4213e-01  5.3514e-01 -6.9947e-03  1.2678e+00  3.0441e-05
 3.8726e-01  5.3733e-01  5.2997e-01 -7.3657e-03  1.2598e+00  3.4182e-05
 3.8829e-01  5.3332e-01  5.2462e-01 -8.6995e-03  1.2567e+00  4.7921e-05
 3.8932e-01  5.2611e-01  5.1910e-01 -7.0051e-03  1.2569e+00  3.1063e-05
 3.9036e-01  5.2109e-01  5.1342e-01 -7.6757e-03  1.2617e+00  3.7008e-05
 3.9139e-01  5.1634e-01  5.0756e-01 -8.7739e-03  1.2685e+00  4.7843e-05
 3.9243e-01  5.0773e-01  5.0154e-01 -6.1847e-03  1.2769e+00  2.3458e-05
 3.9346e-01  5.0215e-01  4.9537e-01 -6.7851e-03  1.2879e+00  2.7756e-05
 3.9450e-01  4.9140e-01  4.8903e-01 -2.3722e-03  1.3010e+00  3.3248e-06
 3.9553e-01  4.9045e-01  4.8254e-01 -7.9150e-03  1.3170e+00  3.6118e-05
 3.9657e-01  4.8508e-01  4.7590e-01 -9.1796e-03  1.3342e+00  4.7335e-05
 3.9760e-01  4.8035e-01  4.6911e-01 -1.1245e-02  1.3540e+00  6.8964e-05
 3.9864e-01  4.8340e-01  4.6217e-01 -2.1227e-02  1.3744e+00  2.3854e-04
 3.9967e-01  4.8113e-01  4.5510e-01 -2.6036e-02  1.3961e+00  3.4778e-04
 4.0071e-01  4.6912e-01  4.4788e-01 -2.1240e-02  1.4176e+00  2.2449e-04
 4.0174e-01  4.5876e-01  4.4053e-01 -1.8226e-02  1.4382e+00  1.6060e-04
 4.0277e-01  4.4987e-01  4.3305e-01 -1.6812e-02  1.4608e+00  1.3244e-04
 4.0381e-01  4.5084e-01  4.2544e-01 -2.5395e-02  1.4848e+00  2.9252e-04
 4.0484e-01  4.5340e-01  4.1771e-01 -3.5689e-02  1.5087e+00  5.5962e-04
 4.0588e-01  4.5355e-01  4.0986e-01 -4.3694e-02  1.5317e+00  8.1381e-04
 4.0691e-01  4.4701e-01  4.0188e-01 -4.5131e-02  1.5541e+00  8.4328e-04
 4.0795e-01  4.3232e-01  3.9380e-01 -3.8525e-02  1.5743e+00  5.9881e-04
 4.0898e-01  4.1849e-01  3.8560e-01 -3.2885e-02  1.5925e+00  4.2643e-04
 4.1002e-01  4.1884e-01  3.7730e-01 -4.1541e-02  1.6121e+00  6.6400e-04
 4.1105e-01  4.1084e-01  3.6890e-01 -4.1948e-02  1.6327e+00  6.6009e-04
 4.1208e-01  4.0757e-01  3.6039e-01 -4.7175e-02  1.6518e+00  8.1570e-04
 4.1312e-01  3.9921e-01  3.5179e-01 -4.7424e-02  1.6719e+00  8.0457e-04
 4.1415e-01  3.8970e-01  3.4309e-01 -4.6605e-02  1.6893e+00  7.6108e-04
 4.1519e-01  3.8763e-01  3.3431e-01 -5.3325e-02  1.7033e+00  9.8013e-04
 4.1622e-01  3.7100e-01  3.2544e-01 -4.5565e-02  1.7181e+00  7.0339e-04
 4.1725e-01  3.4893e-01  3.1649e-01 -3.2438e-02  1.7304e+00  3.5139e-04
 4.1829e-01  3.5223e-01  3.0746e-01 -4.4766e-02  1.7417e+00  6.6058e-04
 4.1932e-01  3.4542e-01  2.9836e-01 -4.7062e-02  1.7553e+00  7.1887e-04
 4.2035e-01  3.2574e-01  2.8918e-01 -3.6558e-02  1.7685e+00  4.2734e-04
 4.2139e-01  3.1859e-01  2.7994e-01 -3.8649e-02  1.7791e+00  4.7192e-04
 4.2242e-01  3.1558e-01  2.7064e-01 -4.4948e-02  1.7879e+00  6.3203e-04
 4.2345e-01  3.1151e-01  2.6128e-01 -5.0232e-02  1.7953e+00  7.8285e-04
 4.2449e-01  2.9594e-01  2.5185e-01 -4.4093e-02  1.8022e+00  5.9857e-04
 4.2552e-01  2.8968e-01  2.4238e-01 -4.7301e-02  1.8089e+00  6.8380e-04
 4.2656e-01  2.8611e-01  2.3285e-01 -5.3260e-02  1.8138e+00  8.6220e-04
 4.2759e-01  2.7959e-01  2.2329e-01 -5.6298e-02  1.8181e+00  9.5884e-04
 4.2862e-01  2.5668e-01  2.1367e-01 -4.3002e-02  1.8212e+00  5.5751e-04
 4.2966e-01  2.5425e-01  2.0403e-01 -5.0217e-02  1.8212e+00  7.6027e-04
 4.3069e-01  2.3854e-01  1.9435e-01 -4.4188e-02  1.8220e+00  5.8818e-04
 4.3172e-01  2.2331e-01  1.8464e-01 -3.8671e-02  1.8213e+00  4.5082e-04
 4.3275e-01  2.2691e-01  1.7490e-01 -5.2005e-02  1.8179e+00  8.1835e-04
 4.3379e-01  2.1697e-01  1.6513e-01 -5.1844e-02  1.8156e+00  8.1537e-04
 4.3482e-01  1.9343e-01  1.5535e-01 -3.8081e-02  1.8115e+00  4.4189e-04
 4.3585e-01  1.7063e-01  1.4555e-01 -2.5082e-02  1.8076e+00  1.9254e-04
 4.3689e-01  1.7782e-01  1.3573e-01 -4.2090e-02  1.8016e+00  5.4580e-04
 4.3792e-01  1.9088e-01  1.2591e-01 -6.4967e-02  1.7958e+00  1.3088e-03
 4.3895e-01  1.8072e-01  1.1608e-01 -6.4636e-02  1.7896e+00  1.3045e-03
 4.3999e-01  1.6443e-01  1.0626e-01 -5.8171e-02  1.7814e+00  1.0663e-03
 4.4102e-01  1.8433e-01  9.6425e-02 -8.7903e-02  1.7733e+00  2.4573e-03
 4.4205e-01  1.6623e-01  8.6597e-02 -7.9630e-02  1.7646e+00  2.0364e-03
 4.4308e-01  1.6765e-01  7.6776e-02 -9.0875e-02  1.7554e+00  2.6800e-03
 4.4412e-01  1.7567e-01  6.6975e-02 -1.0869e-01  1.7464e+00  3.8736e-03
 4.4515e-01  1.6078e-01  5.7179e-02 -1.0360e-01  1.7353e+00  3.5645e-03
 4.4618e-01  1.4880e-01  4.7401e-02 -1.0140e-01  1.7208e+00  3.4721e-03
 4.4721e-01  1.4057e-01  3.7652e-02 -1.0292e-01  1.7075e+00  3.6332e-03
 4.4825e-01  1.3553e-01  2.7918e-02 -1.0761e-01  1.6954e+00  4.0287e-03
 4.4928e-01  1.3002e-01  1.8221e-02 -1.1180e-01  1.6808e+00  4.4246e-03
 4.5031e-01  1.2545e-01  8.5442e-03 -1.1690e-01  1.6654e+00  4.9273e-03
 4.5134e-01  8.1620e-02  1.0894e-03 -8.0531e-02  1.6512e+00  2.3785e-03
 4.5238e-01  1.2948e-01  1.0695e-02 -1.1879e-01  1.6365e+00  5.2687e-03
 4.5341e-01  1.3417e-01  2.0253e-02 -1.1391e-01  1.6189e+00  4.9511e-03
 4.5444e-01  1.1946e-01  2.9767e-02 -8.9694e-02  1.6034e+00  3.1293e-03
 4.5547e-01  1.3365e-01  3.9235e-02 -9.4420e-02  1.5871e+00  3.5393e-03
 4.5650e-01  1.1119e-01  4.8654e-02 -6.2535e-02  1.5694e+00  1.5878e-03
 4.5754e-01  9.2951e-02  5.8031e-02 -3.4920e-02  1.5523e+00  5.0602e-04
 4.5857e-01  9.0561e-02  6.7344e-02 -2.3218e-02  1.5353e+00  2.2869e-04
 4.5960e-01  1.0905e-01  7.6599e-02 -3.2454e-02  1.5175e+00  4.5741e-04
 4.6063e-01  1.1475e-01  8.5794e-02 -2.8952e-02  1.5003e+00  3.7241e-04
 4.6167e-01  1.4443e-01  9.4925e-02 -4.9503e-02  1.4837e+00  1.1131e-03
 4.6270e-01  1.4958e-01  1.0399e-01 -4.5591e-02  1.4659e+00  9.6732e-04
 4.6373e-01  1.3219e-01  1.1298e-01 -1.9211e-02  1.4464e+00  1.7641e-04
 4.6476e-01  1.1026e-01  1.2190e-01  1.1640e-02  1.4281e+00  6.6434e-05
 4.6579e-01  1.3687e-01  1.3075e-01 -6.1159e-03  1.4115e+00  1.8775e-05
 4.6682e-01  1.5711e-01  1.3953e-01 -1.7584e-02  1.3945e+00  1.5901e-04
 4.6786e-01  1.4948e-01  1.4822e-01 -1.2546e-03  1.3775e+00  8.2948e-07
 4.6889e-01  1.6790e-01  1.5683e-01 -1.1075e-02  1.3616e+00  6.6160e-05
 4.6992e-01  1.6939e-01  1.6536e-01 -4.0301e-03  1.3492e+00  8.9228e-06
 4.7095e-01  1.5800e-01  1.7379e-01  1.5794e-02  1.3355e+00  1.3987e-04
 4.7198e-01  1.7122e-01  1.8215e-01  1.0930e-02  1.3200e+00  6.8568e-05
 4.7301e-01  1.6994e-01  1.9040e-01  2.0467e-02  1.3056e+00  2.4575e-04
 4.7405e-01  2.0099e-01  1.9857e-01 -2.4132e-03  1.2942e+00  3.4769e-06
 4.7508e-01  2.1212e-01  2.0664e-01 -5.4793e-03  1.2844e+00  1.8199e-05
 4.7611e-01  2.0341e-01  2.1461e-01  1.1193e-02  1.2738e+00  7.7202e-05
 4.7714e-01  2.0301e-01  2.2248e-01  1.9471e-02  1.2641e+00  2.3727e-04
 4.7817e-01  2.2761e-01  2.3025e-01  2.6379e-03  1.2579e+00  4.3973e-06
 4.7920e-01  2.2395e-01  2.3791e-01  1.3962e-02  1.2532e+00  1.2412e-04
 4.8023e-01  2.3046e-01  2.4547e-01  1.5011e-02  1.2484e+00  1.4457e-04
 4.8126e-01  2.3677e-01  2.5293e-01  1.6156e-02  1.2446e+00  1.6850e-04
 4.8230e-01  2.3424e-01  2.6027e-01  2.6025e-02  1.2436e+00  4.3796e-04
 4.8333e-01  2.4321e-01  2.6750e-01  2.4289e-02  1.2457e+00  3.8017e-04
 4.8436e-01  2.7097e-01  2.7461e-01  3.6454e-03  1.2470e+00  8.5454e-06
 4.8539e-01  2.7374e-01  2.8162e-01  7.8747e-03  1.2500e+00  3.9685e-05
 4.8642e-01  2.7510e-01  2.8849e-01  1.3399e-02  1.2558e+00  1.1384e-04
 4.8745e-01  2.8442e-01  2.9526e-01  1.0843e-02  1.2632e+00  7.3684e-05
 4.8848e-01  3.0870e-01  3.0191e-01 -6.7946e-03  1.2719e+00  2.8538e-05
 4.8951e-01  3.1616e-01  3.0844e-01 -7.7246e-03  1.2816e+00  3.6329e-05
 4.9054e-01  3.1911e-01  3.1484e-01 -4.2640e-03  1.2928e+00  1.0879e-05
 4.9157e-01  3.2465e-01  3.2112e-01 -3.5317e-03  1.3045e+00  7.3291e-06
 4.9260e-01  3.2067e-01  3.2728e-01  6.6035e-03  1.3165e+00  2.5159e-05
 4.9363e-01  3.2618e-01  3.3330e-01  7.1172e-03  1.3296e+00  2.8654e-05
 4.9467e-01  3.3022e-01  3.3920e-01  8.9875e-03  1.3431e+00  4.4780e-05
 4.9569e-01  3.3322e-01  3.4497e-01  1.1756e-02  1.3578e+00  7.4964e-05
 4.9673e-01  3.4808e-01  3.5062e-01  2.5391e-03  1.3745e+00  3.4124e-06
 4.9776e-01  3.6737e-01  3.5613e-01 -1.1236e-02  1.3914e+00  6.5207e-05
 4.9879e-01  3.6791e-01  3.6151e-01 -6.3955e-03  1.4077e+00  2.0642e-05
 4.9982e-01  3.7793e-01  3.6676e-01 -1.1173e-02  1.4240e+00  6.1560e-05
 5.0085e-01  3.8910e-01  3.7187e-01 -1.7228e-02  1.4413e+00  1.4287e-04
 5.0188e-01  3.8682e-01  3.7685e-01 -9.9622e-03  1.4575e+00  4.6720e-05
 5.0291e-01  3.7897e-01  3.8170e-01  2.7314e-03  1.4729e+00  3.4387e-06
 5.0394e-01  3.8219e-01  3.8641e-01  4.2262e-03  1.4887e+00  8.0595e-06
 5.0497e-01  3.7577e-01  3.9099e-01  1.5216e-02  1.5042e+00  1.0233e-04
 5.0600e-01  3.7837e-01  3.9543e-01  1.7051e-02  1.5186e+00  1.2607e-04
 5.0703e-01  3.7996e-01  3.9973e-01  1.9762e-02  1.5329e+00  1.6621e-04
 5.0806e-01  3.8608e-01  4.0389e-01  1.7809e-02  1.5480e+00  1.3236e-04
 5.0909e-01  4.0554e-01  4.0791e-01  2.3670e-03  1.5633e+00  2.2925e-06
 5.1012e-01  4.2029e-01  4.1180e-01 -8.4919e-03  1.5779e+00  2.8962e-05
 5.1115e-01  4.2534e-01  4.1555e-01 -9.7882e-03  1.5899e+00  3.7903e-05
 5.1218e-01  4.2926e-01  4.1916e-01 -1.0100e-02  1.6016e+00  3.9767e-05
 5.1321e-01  4.2705e-01  4.2263e-01 -4.4161e-03  1.6138e+00  7.4885e-06
 5.1424e-01  4.2103e-01  4.2596e-01  4.9351e-03  1.6248e+00  9.2257e-06
 5.1527e-01  4.2390e-01  4.2915e-01  5.2576e-03  1.6366e+00  1.0320e-05
 5.1629e-01  4.2829e-01  4.3221e-01  3.9188e-03  1.6474e+00  5.6588e-06
 5.1733e-01  4.3035e-01  4.3512e-01  4.7730e-03  1.6509e+00  8.3583e-06
 5.1835e-01  4.2765e-01  4.3789e-01  1.0242e-02  1.6581e+00  3.8158e-05
 5.1938e-01  4.3064e-01  4.4053e-01  9.8920e-03  1.6666e+00  3.5230e-05
 5.2041e-01  4.3783e-01  4.4303e-01  5.1946e-03  1.6762e+00  9.6038e-06
 5.2144e-01  4.4374e-01  4.4539e-01  1.6468e-03  1.6846e+00  9.5554e-07
 5.2247e-01  4.4508e-01  4.4761e-01  2.5335e-03  1.6908e+00  2.2452e-06
 5.2350e-01  4.4077e-01  4.4969e-01  8.9247e-03  1.6961e+00  2.7688e-05
 5.2453e-01  4.3692e-01  4.5164e-01  1.4720e-02  1.7066e+00  7.4401e-05
 5.2556e-01  4.2222e-01  4.5344e-01  3.1227e-02  1.7118e+00  3.3278e-04
 5.2659e-01  4.2320e-01  4.5512e-01  3.1916e-02  1.7170e+00  3.4553e-04
 5.2762e-01  4.3961e-01  4.5665e-01  1.7040e-02  1.7207e+00  9.8073e-05
 5.2865e-01  4.5379e-01  4.5805e-01  4.2569e-03  1.7234e+00  6.1009e-06
 5.2968e-01  4.5454e-01  4.5932e-01  4.7779e-03  1.7255e+00  7.6671e-06
 5.3070e-01  4.5108e-01  4.6045e-01  9.3671e-03  1.7280e+00  2.9386e-05
 5.3173e-01  4.5038e-01  4.6145e-01  1.1062e-02  1.7296e+00  4.0901e-05
 5.3276e-01  4.5607e-01  4.6231e-01  6.2434e-03  1.7299e+00  1.3026e-05
 5.3379e-01  4.2631e-01  4.6304e-01  3.6731e-02  1.7274e+00  4.5213e-04
 5.3482e-01  4.0214e-01  4.6365e-01  6.1504e-02  1.7258e+00  1.2701e-03
 5.3585e-01  4.2503e-01  4.6412e-01  3.9093e-02  1.7279e+00  5.1189e-04
 5.3688e-01  4.3172e-01  4.6446e-01  3.2738e-02  1.7281e+00  3.5890e-04
 5.3790e-01  4.2135e-01  4.6468e-01  4.3330e-02  1.7256e+00  6.3050e-04
 5.3893e-01  4.0418e-01  4.6476e-01  6.0584e-02  1.7234e+00  1.2357e-03
 5.3996e-01  4.2097e-01  4.6472e-01  4.3755e-02  1.7212e+00  6.4625e-04
 5.4099e-01  4.3686e-01  4.6456e-01  2.7704e-02  1.7202e+00  2.5936e-04
 5.4202e-01  4.3995e-01  4.6427e-01  2.4326e-02  1.7172e+00  2.0069e-04
 5.4305e-01  4.2891e-01  4.6386e-01  3.4949e-02  1.7118e+00  4.1684e-04
 5.4407e-01  4.2142e-01  4.6333e-01  4.1912e-02  1.7083e+00  6.0194e-04
 5.4510e-01  4.1913e-01  4.6268e-01  4.3551e-02  1.7033e+00  6.5373e-04
 5.4613e-01  4.1314e-01  4.6191e-01  4.8765e-02  1.6988e+00  8.2398e-04
 5.4716e-01  4.1806e-01  4.6102e-01  4.2953e-02  1.6943e+00  6.4269e-04
 5.4819e-01  4.1747e-01  4.6001e-01  4.2540e-02  1.6889e+00  6.3443e-04
 5.4922e-01  4.1913e-01  4.5889e-01  3.9759e-02  1.6818e+00  5.5887e-04
 5.5024e-01  4.2172e-01  4.5766e-01  3.5940e-02  1.6757e+00  4.6002e-04
 5.5127e-01  4.1076e-01  4.5631e-01  4.5555e-02  1.6705e+00  7.4367e-04
 5.5230e-01  4.0456e-01  4.5486e-01  5.0298e-02  1.6633e+00  9.1449e-04
 5.5333e-01  3.9527e-01  4.5329e-01  5.8020e-02  1.6568e+00  1.2264e-03
 5.5436e-01  3.7858e-01  4.5162e-01  7.3038e-02  1.6505e+00  1.9582e-03
 5.5538e-01  3.8108e-01  4.4984e-01  6.8758e-02  1.6429e+00  1.7514e-03
 5.5641e-01  3.7829e-01  4.4795e-01  6.9664e-02  1.6374e+00  1.8102e-03
 5.5744e-01  3.6960e-01  4.4597e-01  7.6371e-02  1.6311e+00  2.1924e-03
 5.5847e-01  3.6949e-01  4.4388e-01  7.4393e-02  1.6238e+00  2.0988e-03
 5.5949e-01  3.7262e-01  4.4169e-01  6.9070e-02  1.6167e+00  1.8252e-03
 5.6052e-01  3.6606e-01  4.3940e-01  7.3344e-02  1.6109e+00  2.0730e-03
 5.6155e-01  3.5848e-01  4.3702e-01  7.8546e-02  1.6047e+00  2.3958e-03
 5.6258e-01  3.5579e-01  4.3455e-01  7.8756e-02  1.5981e+00  2.4287e-03
 5.6360e-01  3.6113e-01  4.3198e-01  7.0847e-02  1.5913e+00  1.9822e-03
 5.6463e-01  3.5993e-01  4.2932e-01  6.9387e-02  1.5872e+00  1.9112e-03
 5.6566e-01  3.6455e-01  4.2657e-01  6.2018e-02  1.5828e+00  1.5354e-03
 5.6668e-01  3.5509e-01  4.2373e-01  6.8643e-02  1.5758e+00  1.8977e-03
 5.6771e-01  3.4421e-01  4.2081e-01  7.6604e-02  1.5711e+00  2.3775e-03
 5.6874e-01  3.5038e-01  4.1781e-01  6.7426e-02  1.5666e+00  1.8525e-03
 5.6977e-01  3.5016e-01  4.1472e-01  6.4562e-02  1.5620e+00  1.7083e-03
 5.7079e-01  3.5454e-01  4.1156e-01  5.7017e-02  1.5593e+00  1.3370e-03
 5.7182e-01  3.4984e-01  4.0831e-01  5.8469e-02  1.5558e+00  1.4123e-03
 5.7285e-01  3.3825e-01  4.0499e-01  6.6744e-02  1.5536e+00  1.8456e-03
 5.7387e-01  3.3480e-01  4.0160e-01  6.6794e-02  1.5509e+00  1.8548e-03
 5.7490e-01  3.2773e-01  3.9813e-01  7.0406e-02  1.5485e+00  2.0671e-03
 5.7593e-01  3.3406e-01  3.9460e-01  6.0542e-02  1.5492e+00  1.5273e-03
 5.7695e-01  3.5397e-01  3.9099e-01  3.7024e-02  1.5499e+00  5.7062e-04
 5.7798e-01  3.4477e-01  3.8732e-01  4.2552e-02  1.5506e+00  7.5312e-04
 5.7901e-01  3.3719e-01  3.8359e-01  4.6397e-02  1.5523e+00  8.9340e-04
 5.8003e-01  3.2996e-01  3.7979e-01  4.9832e-02  1.5545e+00  1.0276e-03
 5.8106e-01  3.3194e-01  3.7593e-01  4.3991e-02  1.5575e+00  7.9773e-04
 5.8209e-01  3.2531e-01  3.7202e-01  4.6703e-02  1.5607e+00  8.9541e-04
 5.8311e-01  3.0908e-01  3.6804e-01  5.8965e-02  1.5638e+00  1.4217e-03
 5.8414e-01  3.1115e-01  3.6402e-01  5.2862e-02  1.5672e+00  1.1377e-03
 5.8517e-01  3.0432e-01  3.5994e-01  5.5621e-02  1.5735e+00  1.2495e-03
 5.8619e-01  2.9798e-01  3.5580e-01  5.7826e-02  1.5803e+00  1.3390e-03
 5.8722e-01  2.8885e-01  3.5163e-01  6.2780e-02  1.5870e+00  1.5649e-03
 5.8824e-01  2.8073e-01  3.4740e-01  6.6676e-02  1.5945e+00  1.7485e-03
 5.8927e-01  2.9315e-01  3.4314e-01  4.9989e-02  1.6027e+00  9.7287e-04
 5.9030e-01  2.7656e-01  3.3883e-01  6.2263e-02  1.6112e+00  1.4934e-03
 5.9132e-01  2.6204e-01  3.3448e-01  7.2439e-02  1.6194e+00  2.0009e-03
 5.9235e-01  2.5442e-01  3.3009e-01  7.5669e-02  1.6273e+00  2.1623e-03
 5.9337e-01  2.6902e-01  3.2566e-01  5.6637e-02  1.6359e+00  1.1986e-03
 5.9440e-01  2.5246e-01  3.2120e-01  6.8739e-02  1.6446e+00  1.7471e-03
 5.9542e-01  2.4927e-01  3.1671e-01  6.7446e-02  1.6536e+00  1.6636e-03
 5.9645e-01  2.6578e-01  3.1219e-01  4.6411e-02  1.6634e+00  7.7850e-04
 5.9748e-01  2.6080e-01  3.0764e-01  4.6832e-02  1.6732e+00  7.8339e-04
 5.9850e-01  2.3722e-01  3.0306e-01  6.5844e-02  1.6821e+00  1.5323e-03
 5.9953e-01  2.4814e-01  2.9846e-01  5.0322e-02  1.6926e+00  8.8387e-04
 6.0055e-01  2.3940e-01  2.9384e-01  5.4438e-02  1.7035e+00  1.0213e-03
 6.0158e-01  2.3752e-01  2.8919e-01  5.1677e-02  1.7139e+00  9.0915e-04
 6.0260e-01  2.4283e-01  2.8453e-01  4.1702e-02  1.7234e+00  5.8556e-04
 6.0363e-01  2.2021e-01  2.7985e-01  5.9646e-02  1.7316e+00  1.1865e-03
 6.0466e-01  1.8266e-01  2.7516e-01  9.2502e-02  1.7410e+00  2.8231e-03
 6.0568e-01  2.0272e-01  2.7045e-01  6.7733e-02  1.7500e+00  1.4980e-03
 6.0671e-01  2.3617e-01  2.6574e-01  2.9571e-02  1.7603e+00  2.8222e-04
 6.0773e-01  2.2379e-01  2.6101e-01  3.7218e-02  1.7695e+00  4.4238e-04
 6.0876e-01  1.9648e-01  2.5628e-01  5.9804e-02  1.7774e+00  1.1321e-03
 6.0978e-01  2.0575e-01  2.5154e-01  4.5795e-02  1.7866e+00  6.5707e-04
 6.1081e-01  2.0208e-01  2.4680e-01  4.4716e-02  1.7956e+00  6.2018e-04
 6.1183e-01  1.7805e-01  2.4206e-01  6.4009e-02  1.8030e+00  1.2604e-03
 6.1286e-01  1.8705e-01  2.3731e-01  5.0266e-02  1.8098e+00  7.7138e-04
 6.1388e-01  2.1210e-01  2.3257e-01  2.0469e-02  1.8171e+00  1.2689e-04
 6.1490e-01  1.8911e-01  2.2784e-01  3.8732e-02  1.8247e+00  4.5054e-04
 6.1593e-01  1.4618e-01  2.2310e-01  7.6927e-02  1.8311e+00  1.7651e-03
 6.1695e-01  1.5283e-01  2.1838e-01  6.5549e-02  1.8382e+00  1.2716e-03
 6.1798e-01  1.5591e-01  2.1367e-01  5.7755e-02  1.8458e+00  9.7905e-04
 6.1900e-01  1.7385e-01  2.0896e-01  3.5109e-02  1.8523e+00  3.5926e-04
 6.2003e-01  1.5760e-01  2.0427e-01  4.6670e-02  1.8595e+00  6.2992e-04
 6.2105e-01  1.5722e-01  1.9959e-01  4.2365e-02  1.8654e+00  5.1579e-04
 6.2208e-01  1.2092e-01  1.9493e-01  7.4005e-02  1.8693e+00  1.5673e-03
 6.2310e-01  5.1168e-02  1.9028e-01  1.3911e-01  1.8744e+00  5.5086e-03
 6.2413e-01 -4.0250e-02  1.8565e-01  2.2590e-01  1.8802e+00  1.4435e-02
 6.2515e-01  2.4538e-02  1.8105e-01  1.5651e-01  1.8803e+00  6.9283e-03
 6.2617e-01  1.2921e-01  1.7646e-01  4.7254e-02  1.8863e+00  6.2752e-04
 6.2720e-01  1.1054e-01  1.7190e-01  6.1359e-02  1.8903e+00  1.0537e-03
 6.2822e-01  9.9565e-02  1.6737e-01  6.7801e-02  1.8934e+00  1.2823e-03
 6.2925e-01  1.3806e-01  1.6286e-01  2.4800e-02  1.8991e+00  1.7052e-04
 6.3027e-01  1.6399e-01  1.5837e-01 -5.6201e-03  1.9023e+00  8.7283e-06
 6.3129e-01  1.3081e-01  1.5392e-01  2.3114e-02  1.9061e+00  1.4705e-04
 6.3232e-01  1.2656e-01  1.4950e-01  2.2936e-02  1.9105e+00  1.4413e-04
 6.3334e-01  1.7579e-01  1.4511e-01 -3.0682e-02  1.9129e+00  2.5727e-04
 6.3436e-01  1.1998e-01  1.4075e-01  2.0772e-02  1.9226e+00  1.1672e-04
 6.3539e-01  9.6192e-02  1.3643e-01  4.0236e-02  1.9265e+00  4.3622e-04
 6.3641e-01  9.6353e-02  1.3214e-01  3.5786e-02  1.9297e+00  3.4391e-04
 6.3743e-01  1.0658e-01  1.2789e-01  2.1311e-02  1.9326e+00  1.2159e-04
 6.3846e-01  1.1002e-01  1.2368e-01  1.3661e-02  1.9342e+00  4.9885e-05
 6.3948e-01  1.4514e-01  1.1951e-01 -2.5633e-02  1.9362e+00  1.7526e-04
 6.4051e-01  1.8957e-01  1.1538e-01 -7.4198e-02  1.9386e+00  1.4650e-03
 6.4153e-01  1.5510e-01  1.1129e-01 -4.3809e-02  1.9402e+00  5.0985e-04
 6.4255e-01  9.6022e-02  1.0724e-01  1.1221e-02  1.9412e+00  3.3415e-05
 6.4358e-01  1.0247e-01  1.0324e-01  7.7580e-04  1.9426e+00  1.5949e-07
 6.4460e-01  9.4651e-02  9.9282e-02  4.6311e-03  1.9446e+00  5.6713e-06
 6.4562e-01  5.4861e-02  9.5371e-02  4.0511e-02  1.9466e+00  4.3309e-04
 6.4665e-01  7.8032e-02  9.1508e-02  1.3476e-02  1.9472e+00  4.7893e-05
 6.4767e-01  1.0919e-01  8.7692e-02 -2.1503e-02  1.9494e+00  1.2167e-04
 6.4869e-01  1.2969e-01  8.3925e-02 -4.5768e-02  1.9528e+00  5.4930e-04
 6.4971e-01 -2.3453e-02  8.0208e-02  1.0366e-01  1.9550e+00  2.8115e-03
 6.5074e-01 -5.9815e-02  7.6545e-02  1.3636e-01  1.9562e+00  4.8591e-03
 6.5176e-01  4.0860e-02  7.2930e-02  3.2071e-02  1.9572e+00  2.6850e-04
 6.5278e-01  7.8645e-02  6.9367e-02 -9.2773e-03  1.9583e+00  2.2443e-05
 6.5380e-01  5.3321e-02  6.5858e-02  1.2536e-02  1.9581e+00  4.0991e-05
 6.5483e-01  1.1770e-01  6.2405e-02 -5.5299e-02  1.9597e+00  7.9624e-04
 6.5585e-01  1.0049e-01  5.9004e-02 -4.1491e-02  1.9613e+00  4.4751e-04
 6.5687e-01  6.5215e-02  5.5661e-02 -9.5541e-03  1.9623e+00  2.3706e-05
 6.5790e-01 -7.6070e-02  5.2371e-02  1.2844e-01  1.9658e+00  4.2690e-03
 6.5892e-01 -7.4208e-02  4.9140e-02  1.2335e-01  1.9682e+00  3.9278e-03
 6.5994e-01  9.6221e-02  4.5967e-02 -5.0254e-02  1.9702e+00  6.5062e-04
 6.6096e-01  1.1135e-01  4.2848e-02 -6.8497e-02  1.9725e+00  1.2059e-03
 6.6198e-01  8.3672e-02  3.9791e-02 -4.3881e-02  1.9739e+00  4.9423e-04
 6.6301e-01 -1.8321e-02  3.6792e-02  5.5112e-02  1.9758e+00  7.7804e-04
 6.6403e-01  9.2531e-02  3.3852e-02 -5.8678e-02  1.9790e+00  8.7916e-04
 6.6505e-01  1.1140e-01  3.0972e-02 -8.0431e-02  1.9800e+00  1.6502e-03
 6.6607e-01  1.2976e-01  2.8152e-02 -1.0161e-01  1.9836e+00  2.6240e-03
 6.6709e-01 -8.7147e-02  2.5393e-02  1.1254e-01  1.9878e+00  3.2052e-03
 6.6812e-01 -1.6854e-01  2.2694e-02  1.9123e-01  1.9916e+00  9.2196e-03
 6.6914e-01 -3.2901e-02  2.0057e-02  5.2958e-02  1.9945e+00  7.0502e-04
 6.7016e-01 -7.8152e-03  1.7481e-02  2.5297e-02  1.9964e+00  1.6056e-04
 6.7118e-01 -1.4934e-01  1.4970e-02  1.6431e-01  2.0015e+00  6.7392e-03
 6.7220e-01 -1.5593e-01  1.2518e-02  1.6845e-01  2.0063e+00  7.0494e-03
 6.7322e-01  1.1058e-01  1.0128e-02 -1.0045e-01  2.0096e+00  2.4987e-03
 6.7425e-01  1.3517e-01  7.8027e-03 -1.2737e-01  2.0168e+00  3.9887e-03
 6.7527e-01  7.3666e-02  5.5379e-03 -6.8128e-02  2.0209e+00  1.1365e-03
 6.7629e-01  5.3764e-02  3.3379e-03 -5.0426e-02  2.0270e+00  6.1889e-04
 6.7731e-01  8.9216e-02  1.2005e-03 -8.8015e-02  2.0324e+00  1.8754e-03
 6.7833e-01 -5.2854e-02  8.7600e-04  5.3730e-02  2.0389e+00  6.9448e-04
 6.7935e-01 -1.0319e-01  2.8877e-03  1.0608e-01  2.0449e+00  2.6912e-03
 6.8037e-01  1.6886e-02  4.8365e-03 -1.2050e-02  2.0511e+00  3.4515e-05
 6.8139e-01  1.0188e-01  6.7224e-03 -9.5158e-02  2.0575e+00  2.1390e-03
 6.8242e-01  7.1596e-02  8.5456e-03 -6.3050e-02  2.0654e+00  9.3188e-04
 6.8344e-01  1.3789e-01  1.0306e-02 -1.2758e-01  2.0738e+00  3.7847e-03
 6.8446e-01  1.5576e-01  1.2004e-02 -1.4375e-01  2.0798e+00  4.7776e-03
 6.8548e-01  9.9692e-02  1.3639e-02 -8.6053e-02  2.0846e+00  1.7041e-03
 6.8650e-01  6.3369e-02  1.5212e-02 -4.8156e-02  2.0941e+00  5.2885e-04
 6.8752e-01  5.3251e-02  1.6723e-02 -3.6528e-02  2.1025e+00  3.0186e-04
 6.8854e-01 -4.3230e-02  1.8172e-02  6.1402e-02  2.1117e+00  8.4549e-04
 6.8956e-01 -1.1035e-01  1.9557e-02  1.2991e-01  2.1209e+00  3.7517e-03
 6.9058e-01 -8.9951e-02  2.0883e-02  1.1083e-01  2.1278e+00  2.7131e-03
 6.9160e-01 -1.1752e-01  2.2146e-02  1.3966e-01  2.1362e+00  4.2746e-03
 6.9262e-01 -7.2752e-02  2.3349e-02  9.6100e-02  2.1439e+00  2.0094e-03
 6.9364e-01  4.1954e-02  2.4490e-02 -1.7463e-02  2.1512e+00  6.5902e-05
 6.9466e-01  9.7748e-02  2.5573e-02 -7.2175e-02  2.1601e+00  1.1164e-03
 6.9568e-01  9.9268e-02  2.6594e-02 -7.2674e-02  2.1707e+00  1.1209e-03
 6.9671e-01  1.2133e-01  2.7556e-02 -9.3779e-02  2.1810e+00  1.8487e-03
 6.9773e-01  1.2825e-01  2.8459e-02 -9.9791e-02  2.1898e+00  2.0768e-03
 6.9875e-01 -4.7608e-02  2.9304e-02  7.6912e-02  2.1965e+00  1.2261e-03
 6.9977e-01 -1.4458e-01  3.0091e-02  1.7467e-01  2.2037e+00  6.2828e-03
 7.0079e-01 -1.4453e-01  3.0819e-02  1.7535e-01  2.2135e+00  6.2754e-03
 7.0181e-01 -9.1749e-02  3.1491e-02  1.2324e-01  2.2233e+00  3.0725e-03
 7.0283e-01 -7.0104e-02  3.2105e-02  1.0221e-01  2.2331e+00  2.0950e-03
 7.0385e-01 -7.5832e-02  3.2664e-02  1.0850e-01  2.2420e+00  2.3418e-03
 7.0486e-01  3.2611e-02  3.3167e-02  5.5583e-04  2.2489e+00  6.1085e-08
 7.0588e-01  6.0435e-02  3.3616e-02 -2.6820e-02  2.2555e+00  1.4139e-04
 7.0690e-01  1.5625e-01  3.4009e-02 -1.2224e-01  2.2647e+00  2.9134e-03
 7.0792e-01  1.4017e-01  3.4350e-02 -1.0582e-01  2.2767e+00  2.1605e-03
 7.0894e-01  1.4429e-01  3.4637e-02 -1.0966e-01  2.2852e+00  2.3025e-03
 7.0996e-01  1.2461e-01  3.4871e-02 -8.9742e-02  2.2921e+00  1.5330e-03
 7.1098e-01  9.1571e-03  3.5054e-02  2.5897e-02  2.2986e+00  1.2694e-04
 7.1200e-01  1.1894e-01  3.5186e-02 -8.3755e-02  2.3061e+00  1.3190e-03
 7.1302e-01  1.7118e-01  3.5268e-02 -1.3591e-01  2.3142e+00  3.4493e-03
 7.1404e-01  9.9153e-02  3.5300e-02 -6.3853e-02  2.3240e+00  7.5490e-04
 7.1506e-01  6.3727e-02  3.5283e-02 -2.8443e-02  2.3318e+00  1.4880e-04
 7.1608e-01 -9.9611e-02  3.5219e-02  1.3483e-01  2.3375e+00  3.3270e-03
 7.1710e-01  1.1135e-01  3.5106e-02 -7.6247e-02  2.3460e+00  1.0563e-03
 7.1812e-01  1.5725e-01  3.4948e-02 -1.2230e-01  2.3537e+00  2.7000e-03
 7.1914e-01  1.5231e-01  3.4743e-02 -1.1757e-01  2.3602e+00  2.4813e-03
 7.2015e-01  1.4022e-01  3.4494e-02 -1.0572e-01  2.3684e+00  1.9926e-03
 7.2117e-01  1.1667e-01  3.4201e-02 -8.2465e-02  2.3744e+00  1.2063e-03
 7.2219e-01  1.6113e-01  3.3864e-02 -1.2726e-01  2.3822e+00  2.8539e-03
 7.2321e-01  2.0528e-01  3.3485e-02 -1.7179e-01  2.3913e+00  5.1609e-03
 7.2423e-01  1.6006e-01  3.3065e-02 -1.2699e-01  2.4005e+00  2.7987e-03
 7.2525e-01  6.9113e-02  3.2604e-02 -3.6509e-02  2.4067e+00  2.3012e-04
 7.2627e-01  7.2582e-02  3.2103e-02 -4.0479e-02  2.4114e+00  2.8178e-04
 7.2728e-01  1.1146e-01  3.1563e-02 -7.9898e-02  2.4177e+00  1.0921e-03
 7.2830e-01  1.3423e-01  3.0986e-02 -1.0324e-01  2.4242e+00  1.8136e-03
 7.2932e-01 -1.6903e-02  3.0370e-02  4.7273e-02  2.4312e+00  3.7810e-04
 7.3034e-01 -1.3533e-01  2.9720e-02  1.6505e-01  2.4382e+00  4.5822e-03
 7.3136e-01 -1.3271e-01  2.9033e-02  1.6175e-01  2.4454e+00  4.3750e-03
 7.3238e-01 -8.9797e-02  2.8313e-02  1.1811e-01  2.4520e+00  2.3203e-03
 7.3339e-01 -1.6851e-01  2.7559e-02  1.9607e-01  2.4581e+00  6.3623e-03
 7.3441e-01 -1.9168e-01  2.6773e-02  2.1845e-01  2.4649e+00  7.8545e-03
 7.3543e-01 -1.3016e-01  2.5955e-02  1.5612e-01  2.4699e+00  3.9954e-03
 7.3645e-01  9.1707e-02  2.5107e-02 -6.6601e-02  2.4758e+00  7.2361e-04
 7.3747e-01  1.6020e-01  2.4229e-02 -1.3597e-01  2.4849e+00  2.9944e-03
 7.3848e-01  1.7700e-01  2.3322e-02 -1.5368e-01  2.4915e+00  3.8047e-03
 7.3950e-01  8.4421e-02  2.2389e-02 -6.2033e-02  2.4985e+00  6.1642e-04
 7.4052e-01  6.7232e-02  2.1428e-02 -4.5804e-02  2.5056e+00  3.3419e-04
 7.4154e-01 -4.0752e-02  2.0441e-02  6.1193e-02  2.5105e+00  5.9413e-04
 7.4255e-01 -7.8963e-02  1.9430e-02  9.8393e-02  2.5151e+00  1.5305e-03
 7.4357e-01 -6.8473e-02  1.8395e-02  8.6868e-02  2.5193e+00  1.1889e-03
 7.4459e-01 -8.9560e-02  1.7338e-02  1.0690e-01  2.5262e+00  1.7907e-03
 7.4561e-01  1.0517e-01  1.6259e-02 -8.8914e-02  2.5324e+00  1.2328e-03
 7.4662e-01  9.7991e-02  1.5158e-02 -8.2833e-02  2.5402e+00  1.0633e-03
 7.4764e-01  5.1516e-02  1.4038e-02 -3.7478e-02  2.5465e+00  2.1660e-04
 7.4866e-01 -9.1826e-02  1.2900e-02  1.0473e-01  2.5520e+00  1.6840e-03
 7.4967e-01 -1.2098e-01  1.1743e-02  1.3272e-01  2.5588e+00  2.6905e-03
 7.5069e-01  9.5619e-02  1.0570e-02 -8.5049e-02  2.5649e+00  1.0995e-03
 7.5171e-01  1.7005e-01  9.3805e-03 -1.6067e-01  2.5707e+00  3.9061e-03
 7.5273e-01  1.6255e-01  8.1762e-03 -1.5437e-01  2.5791e+00  3.5826e-03
 7.5374e-01  1.2194e-01  6.9579e-03 -1.1498e-01  2.5860e+00  1.9769e-03
 7.5476e-01  1.3728e-01  5.7279e-03 -1.3156e-01  2.5919e+00  2.5763e-03
 7.5578e-01  8.7664e-02  4.4845e-03 -8.3180e-02  2.5990e+00  1.0243e-03
 7.5679e-01  6.9240e-02  3.2301e-03 -6.6010e-02  2.6051e+00  6.4206e-04
 7.5781e-01  6.4149e-02  1.9667e-03 -6.2182e-02  2.6116e+00  5.6692e-04
 7.5883e-01  4.7437e-02  6.9295e-04 -4.6744e-02  2.6189e+00  3.1859e-04
 7.5984e-01  1.1163e-01  5.8779e-04 -1.1105e-01  2.6263e+00  1.7877e-03
 7.6086e-01  1.3860e-01  1.8771e-03 -1.3672e-01  2.6340e+00  2.6942e-03
 7.6187e-01  5.3441e-02  3.1715e-03 -5.0269e-02  2.6401e+00  3.6256e-04
 7.6289e-01 -1.5752e-01  4.4712e-03  1.6199e-01  2.6483e+00  3.7414e-03
 7.6391e-01 -1.0894e-01  5.7755e-03  1.1471e-01  2.6551e+00  1.8667e-03
 7.6492e-01  1.2611e-01  7.0833e-03 -1.1903e-01  2.6614e+00  2.0003e-03
 7.6594e-01  1.0374e-01  8.3951e-03 -9.5342e-02  2.6715e+00  1.2737e-03
 7.6696e-01 -4.7005e-02  9.7073e-03  5.6713e-02  2.6818e+00  4.4722e-04
 7.6797e-01 -6.4417e-02  1.1019e-02  7.5436e-02  2.6887e+00  7.8719e-04
 7.6899e-01 -1.3514e-01  1.2332e-02  1.4747e-01  2.6953e+00  2.9936e-03
 7.7000e-01 -9.6739e-02  1.3644e-02  1.1038e-01  2.7023e+00  1.6686e-03
 7.7102e-01  5.0170e-02  1.4955e-02 -3.5216e-02  2.7092e+00  1.6897e-04
 7.7204e-01  4.5928e-02  1.6262e-02 -2.9666e-02  2.7165e+00  1.1926e-04
 7.7305e-01  8.6165e-02  1.7565e-02 -6.8600e-02  2.7252e+00  6.3364e-04
 7.7407e-01  1.7420e-01  1.8865e-02 -1.5533e-01  2.7334e+00  3.2293e-03
 7.7508e-01  1.9169e-01  2.0158e-02 -1.7154e-01  2.7417e+00  3.9145e-03
 7.7610e-01  1.4606e-01  2.1447e-02 -1.2461e-01  2.7506e+00  2.0523e-03
 7.7711e-01  1.0579e-01  2.2727e-02 -8.3062e-02  2.7615e+00  9.0475e-04
 7.7813e-01 -6.5119e-02  2.4000e-02  8.9119e-02  2.7710e+00  1.0343e-03
 7.7914e-01  5.9752e-02  2.5265e-02 -3.4487e-02  2.7789e+00  1.5402e-04
 7.8016e-01 -4.3074e-02  2.6521e-02  6.9595e-02  2.7881e+00  6.2306e-04
 7.8117e-01 -8.9292e-02  2.7767e-02  1.1706e-01  2.7976e+00  1.7508e-03
 7.8219e-01  2.8425e-02  2.9001e-02  5.7636e-04  2.8069e+00  4.2162e-08
 7.8320e-01 -7.0538e-02  3.0224e-02  1.0076e-01  2.8146e+00  1.2817e-03
 7.8422e-01 -1.3567e-01  3.1435e-02  1.6711e-01  2.8258e+00  3.4971e-03
 7.8523e-01 -9.4761e-02  3.2632e-02  1.2739e-01  2.8349e+00  2.0193e-03
 7.8625e-01 -5.6356e-02  3.3816e-02  9.0172e-02  2.8419e+00  1.0068e-03
 7.8726e-01 -1.3345e-01  3.4987e-02  1.6844e-01  2.8494e+00  3.4944e-03
 7.8828e-01 -6.3305e-02  3.6141e-02  9.9445e-02  2.8585e+00  1.2103e-03
 7.8929e-01  6.3810e-02  3.7280e-02 -2.6530e-02  2.8690e+00  8.5511e-05
 7.9031e-01 -1.2230e-01  3.8403e-02  1.6071e-01  2.8793e+00  3.1153e-03
 7.9132e-01  8.4442e-02  3.9508e-02 -4.4934e-02  2.8878e+00  2.4210e-04
 7.9233e-01  1.8042e-01  4.0596e-02 -1.3982e-01  2.8971e+00  2.3293e-03
 7.9335e-01  1.1755e-01  4.1666e-02 -7.5889e-02  2.9080e+00  6.8104e-04
 7.9436e-01  1.5511e-01  4.2717e-02 -1.1240e-01  2.9210e+00  1.4806e-03
 7.9538e-01  1.3274e-01  4.3748e-02 -8.8993e-02  2.9314e+00  9.2163e-04
 7.9639e-01  8.6135e-02  4.4759e-02 -4.1376e-02  2.9420e+00  1.9780e-04
 7.9741e-01  1.3752e-01  4.5750e-02 -9.1770e-02  2.9520e+00  9.6646e-04
 7.9842e-01  6.4639e-02  4.6720e-02 -1.7919e-02  2.9605e+00  3.6637e-05
 7.9943e-01  1.4869e-01  4.7669e-02 -1.0102e-01  2.9692e+00  1.1575e-03
 8.0045e-01  1.4130e-01  4.8595e-02 -9.2701e-02  2.9762e+00  9.7014e-04
 8.0146e-01 -1.2587e-01  4.9499e-02  1.7537e-01  2.9859e+00  3.4494e-03
 8.0247e-01 -1.2684e-01  5.0379e-02  1.7722e-01  2.9980e+00  3.4942e-03
 8.0349e-01 -1.4806e-01  5.1236e-02  1.9930e-01  3.0100e+00  4.3840e-03
 8.0450e-01 -9.4781e-02  5.2070e-02  1.4685e-01  3.0225e+00  2.3606e-03
 8.0551e-01 -1.1368e-01  5.2878e-02  1.6655e-01  3.0314e+00  3.0187e-03
 8.0653e-01 -1.3379e-01  5.3662e-02  1.8746e-01  3.0391e+00  3.8047e-03
 8.0754e-01 -8.4308e-02  5.4421e-02  1.3873e-01  3.0488e+00  2.0705e-03
 8.0856e-01  1.3622e-01  5.5154e-02 -8.1062e-02  3.0573e+00  7.0302e-04
 8.0957e-01  5.2255e-02  5.5861e-02  3.6061e-03  3.0636e+00  1.3855e-06
 8.1058e-01 -1.1202e-01  5.6543e-02  1.6856e-01  3.0728e+00  3.0093e-03
 8.1159e-01  1.3011e-01  5.7197e-02 -7.2911e-02  3.0849e+00  5.5861e-04
 8.1261e-01 -7.5271e-02  5.7825e-02  1.3310e-01  3.0938e+00  1.8507e-03
 8.1362e-01 -1.1534e-01  5.8425e-02  1.7376e-01  3.1035e+00  3.1350e-03
 8.1463e-01 -1.5852e-01  5.8998e-02  2.1752e-01  3.1187e+00  4.8647e-03
 8.1565e-01 -2.2731e-01  5.9543e-02  2.8685e-01  3.1286e+00  8.4067e-03
 8.1666e-01 -1.0758e-01  6.0060e-02  1.6764e-01  3.1343e+00  2.8605e-03
 8.1767e-01  7.2627e-02  6.0550e-02 -1.2078e-02  3.1433e+00  1.4764e-05
 8.1868e-01  9.5357e-02  6.1010e-02 -3.4347e-02  3.1527e+00  1.1869e-04
 8.1970e-01  1.2139e-01  6.1442e-02 -5.9944e-02  3.1640e+00  3.5893e-04
 8.2071e-01 -5.2231e-02  6.1845e-02  1.1408e-01  3.1728e+00  1.2927e-03
 8.2172e-01 -8.6887e-02  6.2219e-02  1.4911e-01  3.1795e+00  2.1992e-03
 8.2273e-01 -8.1086e-02  6.2564e-02  1.4365e-01  3.1900e+00  2.0278e-03
 8.2375e-01  8.5854e-02  6.2880e-02 -2.2974e-02  3.2007e+00  5.1520e-05
 8.2476e-01 -1.3195e-01  6.3166e-02  1.9512e-01  3.2118e+00  3.6906e-03
 8.2577e-01 -1.7017e-01  6.3422e-02  2.3359e-01  3.2218e+00  5.2566e-03
 8.2678e-01  4.8455e-02  6.3650e-02  1.5194e-02  3.2307e+00  2.2119e-05
 8.2779e-01 -5.9525e-02  6.3847e-02  1.2337e-01  3.2399e+00  1.4500e-03
 8.2881e-01  1.8753e-01  6.4015e-02 -1.2351e-01  3.2460e+00  1.4479e-03
 8.2982e-01  9.8732e-02  6.4153e-02 -3.4579e-02  3.2591e+00  1.1257e-04
 8.3083e-01  1.1405e-01  6.4261e-02 -4.9794e-02  3.2712e+00  2.3171e-04
 8.3184e-01 -7.3299e-02  6.4339e-02  1.3764e-01  3.2831e+00  1.7575e-03
 8.3285e-01  1.5749e-01  6.4387e-02 -9.3104e-02  3.2910e+00  8.0037e-04
 8.3387e-01  1.7714e-01  6.4406e-02 -1.1273e-01  3.2976e+00  1.1687e-03
 8.3488e-01  1.8127e-01  6.4395e-02 -1.1687e-01  3.3113e+00  1.2458e-03
 8.3589e-01 -1.2357e-01  6.4354e-02  1.8792e-01  3.3214e+00  3.2013e-03
 8.3690e-01 -1.9139e-01  6.4283e-02  2.5567e-01  3.3310e+00  5.8915e-03
 8.3791e-01 -1.7855e-01  6.4183e-02  2.4273e-01  3.3407e+00  5.2792e-03
 8.3892e-01 -2.0961e-01  6.4054e-02  2.7366e-01  3.3521e+00  6.6649e-03
 8.3993e-01 -2.3124e-01  6.3895e-02  2.9513e-01  3.3639e+00  7.6974e-03
 8.4095e-01 -1.8235e-01  6.3706e-02  2.4606e-01  3.3764e+00  5.3109e-03
 8.4196e-01  8.1335e-02  6.3489e-02 -1.7846e-02  3.3822e+00  2.7840e-05
 8.4297e-01 -8.2707e-02  6.3243e-02  1.4595e-01  3.3887e+00  1.8550e-03
 8.4398e-01 -1.2121e-01  6.2967e-02  1.8417e-01  3.3967e+00  2.9400e-03
 8.4499e-01 -1.1486e-01  6.2663e-02  1.7752e-01  3.4073e+00  2.7145e-03
 8.4600e-01  1.6941e-01  6.2331e-02 -1.0708e-01  3.4203e+00  9.8009e-04
 8.4701e-01  1.8691e-01  6.1971e-02 -1.2494e-01  3.4318e+00  1.3254e-03
 8.4802e-01  1.4773e-01  6.1582e-02 -8.6146e-02  3.4423e+00  6.2628e-04
 8.4903e-01 -1.2585e-01  6.1165e-02  1.8701e-01  3.4508e+00  2.9370e-03
 8.5004e-01  5.3603e-02  6.0721e-02  7.1178e-03  3.4583e+00  4.2362e-06
 8.5105e-01 -1.1311e-01  6.0250e-02  1.7336e-01  3.4691e+00  2.4971e-03
 8.5206e-01 -1.5205e-01  5.9751e-02  2.1180e-01  3.4782e+00  3.7079e-03
 8.5307e-01 -9.7055e-02  5.9226e-02  1.5628e-01  3.4905e+00  2.0047e-03
 8.5408e-01  6.2505e-02  5.8674e-02 -3.8315e-03  3.5028e+00  1.1965e-06
 8.5509e-01 -1.1771e-01  5.8096e-02  1.7580e-01  3.5132e+00  2.5040e-03
 8.5610e-01 -1.0121e-01  5.7492e-02  1.5870e-01  3.5207e+00  2.0319e-03
 8.5711e-01 -1.5068e-01  5.6862e-02  2.0754e-01  3.5325e+00  3.4519e-03
 8.5812e-01 -1.4528e-01  5.6207e-02  2.0149e-01  3.5435e+00  3.2331e-03
 8.5913e-01 -1.5492e-01  5.5527e-02  2.1045e-01  3.5512e+00  3.5119e-03
 8.6014e-01 -1.3717e-01  5.4823e-02  1.9200e-01  3.5621e+00  2.9051e-03
 8.6115e-01 -1.1726e-01  5.4094e-02  1.7135e-01  3.5768e+00  2.2950e-03
 8.6216e-01  1.1514e-01  5.3342e-02 -6.1795e-02  3.5903e+00  2.9625e-04
 8.6317e-01  1.2783e-01  5.2565e-02 -7.5269e-02  3.6003e+00  4.3708e-04
 8.6418e-01 -4.7711e-02  5.1767e-02  9.9477e-02  3.6106e+00  7.5907e-04
 8.6519e-01 -1.7023e-01  5.0944e-02  2.2117e-01  3.6214e+00  3.7300e-03
 8.6620e-01 -6.3968e-02  5.0100e-02  1.1407e-01  3.6319e+00  9.8642e-04
 8.6721e-01 -5.6850e-02  4.9235e-02  1.0609e-01  3.6447e+00  8.4718e-04
 8.6822e-01 -7.0934e-02  4.8347e-02  1.1928e-01  3.6560e+00  1.0645e-03
 8.6923e-01  6.3699e-02  4.7438e-02 -1.6261e-02  3.6660e+00  1.9674e-05
 8.7024e-01  1.5210e-01  4.6510e-02 -1.0559e-01  3.6779e+00  8.2424e-04
 8.7125e-01  1.6461e-01  4.5560e-02 -1.1905e-01  3.6876e+00  1.0423e-03
 8.7226e-01  6.3200e-02  4.4592e-02 -1.8609e-02  3.6969e+00  2.5337e-05
 8.7326e-01 -1.5086e-01  4.3604e-02  1.9446e-01  3.7089e+00  2.7491e-03
 8.7427e-01 -1.0025e-01  4.2598e-02  1.4285e-01  3.7252e+00  1.4705e-03
 8.7528e-01 -1.0807e-01  4.1573e-02  1.4964e-01  3.7339e+00  1.6061e-03
 8.7629e-01 -1.3137e-01  4.0529e-02  1.7190e-01  3.7476e+00  2.1039e-03
 8.7730e-01  1.2002e-01  3.9470e-02 -8.0554e-02  3.7603e+00  4.5891e-04
 8.7831e-01  1.6303e-01  3.8393e-02 -1.2463e-01  3.7724e+00  1.0915e-03
 8.7931e-01  2.5125e-01  3.7300e-02 -2.1395e-01  3.7818e+00  3.2007e-03
 8.8032e-01  2.2979e-01  3.6191e-02 -1.9360e-01  3.7937e+00  2.6042e-03
 8.8133e-01  1.7960e-01  3.5067e-02 -1.4454e-01  3.8048e+00  1.4431e-03
 8.8234e-01  1.3116e-01  3.3928e-02 -9.7235e-02  3.8144e+00  6.4982e-04
 8.8335e-01 -5.6806e-02  3.2775e-02  8.9581e-02  3.8234e+00  5.4896e-04
 8.8436e-01 -1.9501e-01  3.1608e-02  2.2662e-01  3.8372e+00  3.4878e-03
 8.8536e-01 -3.3289e-01  3.0428e-02  3.6332e-01  1.5463e+01  5.5209e-04
 8.8637e-01 -1.9981e-01  2.9235e-02  2.2905e-01  3.8609e+00  3.5195e-03
 8.8738e-01 -2.3524e-01  2.8030e-02  2.6327e-01  3.8736e+00  4.6191e-03
 8.8839e-01 -2.3180e-01  2.6814e-02  2.5861e-01  3.8833e+00  4.4350e-03
 8.8940e-01 -1.5468e-01  2.5586e-02  1.8027e-01  3.8931e+00  2.1441e-03
 8.9040e-01 -1.2741e-01  2.4348e-02  1.5176e-01  3.9058e+00  1.5096e-03
 8.9141e-01 -1.1925e-01  2.3100e-02  1.4235e-01  3.9224e+00  1.3171e-03
 8.9242e-01 -1.3886e-01  2.1843e-02  1.6070e-01  3.9367e+00  1.6664e-03
 8.9343e-01 -2.1947e-01  2.0576e-02  2.4005e-01  3.9530e+00  3.6875e-03
 8.9443e-01 -1.8639e-01  1.9302e-02  2.0569e-01  3.9613e+00  2.6962e-03
 8.9544e-01 -8.9124e-02  1.8020e-02  1.0714e-01  3.9686e+00  7.2889e-04
 8.9645e-01 -1.2810e-01  1.6731e-02  1.4483e-01  3.9823e+00  1.3227e-03
 8.9745e-01 -1.1794e-01  1.5434e-02  1.3337e-01  3.9954e+00  1.1143e-03
 8.9846e-01 -2.8663e-02  1.4131e-02  4.2794e-02  4.0055e+00  1.1414e-04
 8.9947e-01 -1.0157e-02  1.2824e-02  2.2982e-02  4.0162e+00  3.2744e-05
 9.0048e-01 -1.2869e-01  1.1511e-02  1.4020e-01  4.0274e+00  1.2119e-03
 9.0148e-01 -2.0524e-01  1.0194e-02  2.1543e-01  4.0403e+00  2.8431e-03
 9.0249e-01 -2.3552e-01  8.8724e-03  2.4439e-01  4.0538e+00  3.6344e-03
