 1.0000e-04  4.1158e-01
 8.0000e-04  4.1149e-01
 1.5000e-03  4.1126e-01
 2.2000e-03  4.1088e-01
 2.9000e-03  4.1036e-01
 3.6000e-03  4.0970e-01
 4.3000e-03  4.0890e-01
 5.0000e-03  4.0796e-01
 5.7000e-03  4.0687e-01
 6.4000e-03  4.0564e-01
 7.1000e-03  4.0427e-01
 7.8000e-03  4.0277e-01
 8.5000e-03  4.0112e-01
 9.2000e-03  3.9932e-01
 9.9000e-03  3.9739e-01
 1.0600e-02  3.9532e-01
 1.1300e-02  3.9311e-01
 1.2000e-02  3.9076e-01
 1.2700e-02  3.8828e-01
 1.3400e-02  3.8565e-01
 1.4100e-02  3.8288e-01
 1.4800e-02  3.7998e-01
 1.5500e-02  3.7694e-01
 1.6200e-02  3.7377e-01
 1.6900e-02  3.7046e-01
 1.7600e-02  3.6701e-01
 1.8300e-02  3.6343e-01
 1.9000e-02  3.5971e-01
 1.9700e-02  3.5587e-01
 2.0400e-02  3.5188e-01
 2.1100e-02  3.4777e-01
 2.1800e-02  3.4352e-01
 2.2500e-02  3.3915e-01
 2.3200e-02  3.3464e-01
 2.3900e-02  3.3000e-01
 2.4600e-02  3.2524e-01
 2.5300e-02  3.2035e-01
 2.6000e-02  3.1533e-01
 2.6700e-02  3.1018e-01
 2.7400e-02  3.0491e-01
 2.8100e-02  2.9952e-01
 2.8800e-02  2.9400e-01
 2.9500e-02  2.8836e-01
 3.0200e-02  2.8260e-01
 3.0900e-02  2.7671e-01
 3.1600e-02  2.7071e-01
 3.2300e-02  2.6459e-01
 3.3000e-02  2.5835e-01
 3.3700e-02  2.5199e-01
 3.4400e-02  2.4552e-01
 3.5100e-02  2.3894e-01
 3.5800e-02  2.3224e-01
 3.6500e-02  2.2543e-01
 3.7200e-02  2.1851e-01
 3.7900e-02  2.1147e-01
 3.8600e-02  2.0433e-01
 3.9300e-02  1.9708e-01
 4.0000e-02  1.8973e-01
 4.0700e-02  1.8227e-01
 4.1400e-02  1.7471e-01
 4.2100e-02  1.6704e-01
 4.2800e-02  1.5928e-01
 4.3500e-02  1.5141e-01
 4.4200e-02  1.4344e-01
 4.4900e-02  1.3538e-01
 4.5600e-02  1.2722e-01
 4.6300e-02  1.1897e-01
 4.7000e-02  1.1062e-01
 4.7700e-02  1.0218e-01
 4.8400e-02  9.3654e-02
 4.9100e-02  8.5036e-02
 4.9800e-02  7.6330e-02
 5.0500e-02  6.7539e-02
 5.1200e-02  5.8663e-02
 5.1900e-02  4.9704e-02
 5.2600e-02  4.0663e-02
 5.3300e-02  3.1542e-02
 5.4000e-02  2.2342e-02
 5.4700e-02  1.3066e-02
 5.5400e-02  3.7138e-03
 5.6100e-02  5.7122e-03
 5.6800e-02  1.5211e-02
 5.7500e-02  2.4780e-02
 5.8200e-02  3.4418e-02
 5.8900e-02  4.4124e-02
 5.9600e-02  5.3896e-02
 6.0300e-02  6.3732e-02
 6.1000e-02  7.3631e-02
 6.1700e-02  8.3591e-02
 6.2400e-02  9.3611e-02
 6.3100e-02  1.0369e-01
 6.3800e-02  1.1382e-01
 6.4500e-02  1.2401e-01
 6.5200e-02  1.3425e-01
 6.5900e-02  1.4454e-01
 6.6600e-02  1.5488e-01
 6.7300e-02  1.6527e-01
 6.8000e-02  1.7570e-01
 6.8700e-02  1.8618e-01
 6.9400e-02  1.9670e-01
 7.0100e-02  2.0726e-01
 7.0800e-02  2.1786e-01
 7.1500e-02  2.2849e-01
 7.2200e-02  2.3916e-01
 7.2900e-02  2.4987e-01
 7.3600e-02  2.6061e-01
 7.4300e-02  2.7137e-01
 7.5000e-02  2.8217e-01
 7.5700e-02  2.9299e-01
 7.6400e-02  3.0383e-01
 7.7100e-02  3.1470e-01
 7.7800e-02  3.2559e-01
 7.8500e-02  3.3650e-01
 7.9200e-02  3.4742e-01
 7.9900e-02  3.5837e-01
 8.0600e-02  3.6932e-01
 8.1300e-02  3.8029e-01
 8.2000e-02  3.9126e-01
 8.2700e-02  4.0225e-01
 8.3400e-02  4.1324e-01
 8.4100e-02  4.2424e-01
 8.4800e-02  4.3523e-01
 8.5500e-02  4.4623e-01
 8.6200e-02  4.5723e-01
 8.6900e-02  4.6823e-01
 8.7600e-02  4.7922e-01
 8.8300e-02  4.9020e-01
 8.9000e-02  5.0118e-01
 8.9700e-02  5.1215e-01
 9.0400e-02  5.2310e-01
 9.1100e-02  5.3404e-01
 9.1800e-02  5.4497e-01
 9.2500e-02  5.5588e-01
 9.3200e-02  5.6677e-01
 9.3900e-02  5.7764e-01
 9.4600e-02  5.8849e-01
 9.5300e-02  5.9931e-01
 9.6000e-02  6.1010e-01
 9.6700e-02  6.2087e-01
 9.7400e-02  6.3161e-01
 9.8100e-02  6.4232e-01
 9.8800e-02  6.5299e-01
 9.9500e-02  6.6363e-01
 1.0020e-01  6.7423e-01
 1.0090e-01  6.8479e-01
 1.0160e-01  6.9532e-01
 1.0230e-01  7.0580e-01
 1.0300e-01  7.1623e-01
 1.0370e-01  7.2663e-01
 1.0440e-01  7.3697e-01
 1.0510e-01  7.4727e-01
 1.0580e-01  7.5751e-01
 1.0650e-01  7.6771e-01
 1.0720e-01  7.7784e-01
 1.0790e-01  7.8793e-01
 1.0860e-01  7.9795e-01
 1.0930e-01  8.0792e-01
 1.1000e-01  8.1783e-01
 1.1070e-01  8.2768e-01
 1.1140e-01  8.3746e-01
 1.1210e-01  8.4717e-01
 1.1280e-01  8.5682e-01
 1.1350e-01  8.6640e-01
 1.1420e-01  8.7591e-01
 1.1490e-01  8.8535e-01
 1.1560e-01  8.9472e-01
 1.1630e-01  9.0401e-01
 1.1700e-01  9.1323e-01
 1.1770e-01  9.2236e-01
 1.1840e-01  9.3142e-01
 1.1910e-01  9.4040e-01
 1.1980e-01  9.4930e-01
 1.2050e-01  9.5811e-01
 1.2120e-01  9.6684e-01
 1.2190e-01  9.7548e-01
 1.2260e-01  9.8403e-01
 1.2330e-01  9.9250e-01
 1.2400e-01  1.0009e+00
 1.2470e-01  1.0092e+00
 1.2540e-01  1.0173e+00
 1.2610e-01  1.0254e+00
 1.2680e-01  1.0334e+00
 1.2750e-01  1.0413e+00
 1.2820e-01  1.0491e+00
 1.2890e-01  1.0568e+00
 1.2960e-01  1.0644e+00
 1.3030e-01  1.0719e+00
 1.3100e-01  1.0793e+00
 1.3170e-01  1.0866e+00
 1.3240e-01  1.0938e+00
 1.3310e-01  1.1009e+00
 1.3380e-01  1.1079e+00
 1.3450e-01  1.1147e+00
 1.3520e-01  1.1215e+00
 1.3590e-01  1.1281e+00
 1.3660e-01  1.1346e+00
 1.3730e-01  1.1411e+00
 1.3800e-01  1.1474e+00
 1.3870e-01  1.1535e+00
 1.3940e-01  1.1596e+00
 1.4010e-01  1.1656e+00
 1.4080e-01  1.1714e+00
 1.4150e-01  1.1771e+00
 1.4220e-01  1.1827e+00
 1.4290e-01  1.1882e+00
 1.4360e-01  1.1935e+00
 1.4430e-01  1.1987e+00
 1.4500e-01  1.2038e+00
 1.4570e-01  1.2088e+00
 1.4640e-01  1.2137e+00
 1.4710e-01  1.2184e+00
 1.4780e-01  1.2230e+00
 1.4850e-01  1.2275e+00
 1.4920e-01  1.2318e+00
 1.4990e-01  1.2360e+00
 1.5060e-01  1.2401e+00
 1.5130e-01  1.2441e+00
 1.5200e-01  1.2479e+00
 1.5270e-01  1.2516e+00
 1.5340e-01  1.2551e+00
 1.5410e-01  1.2586e+00
 1.5480e-01  1.2619e+00
 1.5550e-01  1.2650e+00
 1.5620e-01  1.2680e+00
 1.5690e-01  1.2709e+00
 1.5760e-01  1.2737e+00
 1.5830e-01  1.2763e+00
 1.5900e-01  1.2788e+00
 1.5970e-01  1.2811e+00
 1.6040e-01  1.2834e+00
 1.6110e-01  1.2854e+00
 1.6180e-01  1.2874e+00
 1.6250e-01  1.2892e+00
 1.6320e-01  1.2908e+00
 1.6390e-01  1.2924e+00
 1.6460e-01  1.2937e+00
 1.6530e-01  1.2950e+00
 1.6600e-01  1.2961e+00
 1.6670e-01  1.2971e+00
 1.6740e-01  1.2979e+00
 1.6810e-01  1.2986e+00
 1.6880e-01  1.2991e+00
 1.6950e-01  1.2996e+00
 1.7020e-01  1.2998e+00
 1.7090e-01  1.3000e+00
 1.7160e-01  1.3000e+00
 1.7230e-01  1.2998e+00
 1.7300e-01  1.2995e+00
 1.7370e-01  1.2991e+00
 1.7440e-01  1.2986e+00
 1.7510e-01  1.2979e+00
 1.7580e-01  1.2970e+00
 1.7650e-01  1.2960e+00
 1.7720e-01  1.2949e+00
 1.7790e-01  1.2937e+00
 1.7860e-01  1.2923e+00
 1.7930e-01  1.2907e+00
 1.8000e-01  1.2891e+00
 1.8070e-01  1.2873e+00
 1.8140e-01  1.2853e+00
 1.8210e-01  1.2833e+00
 1.8280e-01  1.2810e+00
 1.8350e-01  1.2787e+00
 1.8420e-01  1.2762e+00
 1.8490e-01  1.2736e+00
 1.8560e-01  1.2708e+00
 1.8630e-01  1.2679e+00
 1.8700e-01  1.2649e+00
 1.8770e-01  1.2618e+00
 1.8840e-01  1.2585e+00
 1.8910e-01  1.2550e+00
 1.8980e-01  1.2515e+00
 1.9050e-01  1.2478e+00
 1.9120e-01  1.2440e+00
 1.9190e-01  1.2400e+00
 1.9260e-01  1.2360e+00
 1.9330e-01  1.2318e+00
 1.9400e-01  1.2274e+00
 1.9470e-01  1.2230e+00
 1.9540e-01  1.2184e+00
 1.9610e-01  1.2137e+00
 1.9680e-01  1.2088e+00
 1.9750e-01  1.2039e+00
 1.9820e-01  1.1988e+00
 1.9890e-01  1.1936e+00
 1.9960e-01  1.1883e+00
 2.0030e-01  1.1828e+00
 2.0100e-01  1.1772e+00
 2.0170e-01  1.1716e+00
 2.0240e-01  1.1658e+00
 2.0310e-01  1.1598e+00
 2.0380e-01  1.1538e+00
 2.0450e-01  1.1476e+00
 2.0520e-01  1.1414e+00
 2.0590e-01  1.1350e+00
 2.0660e-01  1.1285e+00
 2.0730e-01  1.1219e+00
 2.0800e-01  1.1152e+00
 2.0870e-01  1.1083e+00
 2.0940e-01  1.1014e+00
 2.1010e-01  1.0944e+00
 2.1080e-01  1.0872e+00
 2.1150e-01  1.0800e+00
 2.1220e-01  1.0726e+00
 2.1290e-01  1.0652e+00
 2.1360e-01  1.0576e+00
 2.1430e-01  1.0499e+00
 2.1500e-01  1.0422e+00
 2.1570e-01  1.0343e+00
 2.1640e-01  1.0264e+00
 2.1710e-01  1.0183e+00
 2.1780e-01  1.0102e+00
 2.1850e-01  1.0019e+00
 2.1920e-01  9.9360e-01
 2.1990e-01  9.8518e-01
 2.2060e-01  9.7667e-01
 2.2130e-01  9.6807e-01
 2.2200e-01  9.5939e-01
 2.2270e-01  9.5062e-01
 2.2340e-01  9.4177e-01
 2.2410e-01  9.3284e-01
 2.2480e-01  9.2382e-01
 2.2550e-01  9.1473e-01
 2.2620e-01  9.0555e-01
 2.2690e-01  8.9630e-01
 2.2760e-01  8.8698e-01
 2.2830e-01  8.7758e-01
 2.2900e-01  8.6811e-01
 2.2970e-01  8.5856e-01
 2.3040e-01  8.4895e-01
 2.3110e-01  8.3927e-01
 2.3180e-01  8.2952e-01
 2.3250e-01  8.1971e-01
 2.3320e-01  8.0983e-01
 2.3390e-01  7.9989e-01
 2.3460e-01  7.8989e-01
 2.3530e-01  7.7983e-01
 2.3600e-01  7.6971e-01
 2.3670e-01  7.5954e-01
 2.3740e-01  7.4931e-01
 2.3810e-01  7.3903e-01
 2.3880e-01  7.2869e-01
 2.3950e-01  7.1831e-01
 2.4020e-01  7.0788e-01
 2.4090e-01  6.9740e-01
 2.4160e-01  6.8687e-01
 2.4230e-01  6.7630e-01
 2.4300e-01  6.6569e-01
 2.4370e-01  6.5504e-01
 2.4440e-01  6.4435e-01
 2.4510e-01  6.3362e-01
 2.4580e-01  6.2285e-01
 2.4650e-01  6.1205e-01
 2.4720e-01  6.0122e-01
 2.4790e-01  5.9035e-01
 2.4860e-01  5.7946e-01
 2.4930e-01  5.6854e-01
 2.5000e-01  5.5759e-01
 2.5070e-01  5.4661e-01
 2.5140e-01  5.3561e-01
 2.5210e-01  5.2460e-01
 2.5280e-01  5.1356e-01
 2.5350e-01  5.0250e-01
 2.5420e-01  4.9142e-01
 2.5490e-01  4.8033e-01
 2.5560e-01  4.6923e-01
 2.5630e-01  4.5811e-01
 2.5700e-01  4.4698e-01
 2.5770e-01  4.3585e-01
 2.5840e-01  4.2470e-01
 2.5910e-01  4.1355e-01
 2.5980e-01  4.0240e-01
 2.6050e-01  3.9124e-01
 2.6120e-01  3.8009e-01
 2.6190e-01  3.6893e-01
 2.6260e-01  3.5777e-01
 2.6330e-01  3.4662e-01
 2.6400e-01  3.3548e-01
 2.6470e-01  3.2434e-01
 2.6540e-01  3.1321e-01
 2.6610e-01  3.0209e-01
 2.6680e-01  2.9098e-01
 2.6750e-01  2.7988e-01
 2.6820e-01  2.6880e-01
 2.6890e-01  2.5773e-01
 2.6960e-01  2.4669e-01
 2.7030e-01  2.3566e-01
 2.7100e-01  2.2465e-01
 2.7170e-01  2.1366e-01
 2.7240e-01  2.0270e-01
 2.7310e-01  1.9177e-01
 2.7380e-01  1.8086e-01
 2.7450e-01  1.6997e-01
 2.7520e-01  1.5912e-01
 2.7590e-01  1.4830e-01
 2.7660e-01  1.3751e-01
 2.7730e-01  1.2676e-01
 2.7800e-01  1.1604e-01
 2.7870e-01  1.0536e-01
 2.7940e-01  9.4714e-02
 2.8010e-01  8.4111e-02
 2.8080e-01  7.3549e-02
 2.8150e-01  6.3029e-02
 2.8220e-01  5.2554e-02
 2.8290e-01  4.2124e-02
 2.8360e-01  3.1741e-02
 2.8430e-01  2.1406e-02
 2.8500e-01  1.1120e-02
 2.8570e-01  8.8553e-04
 2.8640e-01  9.2969e-03
 2.8710e-01  1.9426e-02
 2.8780e-01  2.9500e-02
 2.8850e-01  3.9518e-02
 2.8920e-01  4.9478e-02
 2.8990e-01  5.9380e-02
 2.9060e-01  6.9222e-02
 2.9130e-01  7.9003e-02
 2.9200e-01  8.8721e-02
 2.9270e-01  9.8376e-02
 2.9340e-01  1.0797e-01
 2.9410e-01  1.1749e-01
 2.9480e-01  1.2695e-01
 2.9550e-01  1.3633e-01
 2.9620e-01  1.4565e-01
 2.9690e-01  1.5490e-01
 2.9760e-01  1.6408e-01
 2.9830e-01  1.7318e-01
 2.9900e-01  1.8221e-01
 2.9970e-01  1.9116e-01
 3.0040e-01  2.0004e-01
 3.0110e-01  2.0884e-01
 3.0180e-01  2.1756e-01
 3.0250e-01  2.2620e-01
 3.0320e-01  2.3476e-01
 3.0390e-01  2.4324e-01
 3.0460e-01  2.5164e-01
 3.0530e-01  2.5996e-01
 3.0600e-01  2.6819e-01
 3.0670e-01  2.7633e-01
 3.0740e-01  2.8439e-01
 3.0810e-01  2.9236e-01
 3.0880e-01  3.0025e-01
 3.0950e-01  3.0804e-01
 3.1020e-01  3.1575e-01
 3.1090e-01  3.2336e-01
 3.1160e-01  3.3088e-01
 3.1230e-01  3.3831e-01
 3.1300e-01  3.4565e-01
 3.1370e-01  3.5290e-01
 3.1440e-01  3.6005e-01
 3.1510e-01  3.6710e-01
 3.1580e-01  3.7406e-01
 3.1650e-01  3.8092e-01
 3.1720e-01  3.8769e-01
 3.1790e-01  3.9435e-01
 3.1860e-01  4.0092e-01
 3.1930e-01  4.0739e-01
 3.2000e-01  4.1376e-01
 3.2070e-01  4.2002e-01
 3.2140e-01  4.2619e-01
 3.2210e-01  4.3225e-01
 3.2280e-01  4.3822e-01
 3.2350e-01  4.4407e-01
 3.2420e-01  4.4983e-01
 3.2490e-01  4.5548e-01
 3.2560e-01  4.6103e-01
 3.2630e-01  4.6647e-01
 3.2700e-01  4.7181e-01
 3.2770e-01  4.7704e-01
 3.2840e-01  4.8217e-01
 3.2910e-01  4.8719e-01
 3.2980e-01  4.9210e-01
 3.3050e-01  4.9690e-01
 3.3120e-01  5.0160e-01
 3.3190e-01  5.0619e-01
 3.3260e-01  5.1067e-01
 3.3330e-01  5.1504e-01
 3.3400e-01  5.1931e-01
 3.3470e-01  5.2346e-01
 3.3540e-01  5.2751e-01
 3.3610e-01  5.3144e-01
 3.3680e-01  5.3527e-01
 3.3750e-01  5.3898e-01
 3.3820e-01  5.4259e-01
 3.3890e-01  5.4609e-01
 3.3960e-01  5.4947e-01
 3.4030e-01  5.5275e-01
 3.4100e-01  5.5591e-01
 3.4170e-01  5.5896e-01
 3.4240e-01  5.6191e-01
 3.4310e-01  5.6474e-01
 3.4380e-01  5.6746e-01
 3.4450e-01  5.7007e-01
 3.4520e-01  5.7257e-01
 3.4590e-01  5.7496e-01
 3.4660e-01  5.7724e-01
 3.4730e-01  5.7941e-01
 3.4800e-01  5.8147e-01
 3.4870e-01  5.8342e-01
 3.4940e-01  5.8525e-01
 3.5010e-01  5.8698e-01
 3.5080e-01  5.8860e-01
 3.5150e-01  5.9010e-01
 3.5220e-01  5.9150e-01
 3.5290e-01  5.9279e-01
 3.5360e-01  5.9397e-01
 3.5430e-01  5.9504e-01
 3.5500e-01  5.9600e-01
 3.5570e-01  5.9685e-01
 3.5640e-01  5.9760e-01
 3.5710e-01  5.9823e-01
 3.5780e-01  5.9876e-01
 3.5850e-01  5.9918e-01
 3.5920e-01  5.9950e-01
 3.5990e-01  5.9971e-01
 3.6060e-01  5.9981e-01
 3.6130e-01  5.9980e-01
 3.6200e-01  5.9970e-01
 3.6270e-01  5.9948e-01
 3.6340e-01  5.9916e-01
 3.6410e-01  5.9874e-01
 3.6480e-01  5.9821e-01
 3.6550e-01  5.9758e-01
 3.6620e-01  5.9685e-01
 3.6690e-01  5.9602e-01
 3.6760e-01  5.9508e-01
 3.6830e-01  5.9405e-01
 3.6900e-01  5.9291e-01
 3.6970e-01  5.9167e-01
 3.7040e-01  5.9034e-01
 3.7110e-01  5.8890e-01
 3.7180e-01  5.8737e-01
 3.7250e-01  5.8574e-01
 3.7320e-01  5.8401e-01
 3.7390e-01  5.8219e-01
 3.7460e-01  5.8027e-01
 3.7530e-01  5.7826e-01
 3.7600e-01  5.7615e-01
 3.7670e-01  5.7395e-01
 3.7740e-01  5.7166e-01
 3.7810e-01  5.6927e-01
 3.7880e-01  5.6680e-01
 3.7950e-01  5.6423e-01
 3.8020e-01  5.6157e-01
 3.8090e-01  5.5883e-01
 3.8160e-01  5.5599e-01
 3.8230e-01  5.5307e-01
 3.8300e-01  5.5006e-01
 3.8370e-01  5.4697e-01
 3.8440e-01  5.4379e-01
 3.8510e-01  5.4053e-01
 3.8580e-01  5.3718e-01
 3.8650e-01  5.3376e-01
 3.8720e-01  5.3025e-01
 3.8790e-01  5.2666e-01
 3.8860e-01  5.2299e-01
 3.8930e-01  5.1924e-01
 3.9000e-01  5.1541e-01
 3.9070e-01  5.1151e-01
 3.9140e-01  5.0753e-01
 3.9210e-01  5.0348e-01
 3.9280e-01  4.9935e-01
 3.9350e-01  4.9515e-01
 3.9420e-01  4.9088e-01
 3.9490e-01  4.8653e-01
 3.9560e-01  4.8212e-01
 3.9630e-01  4.7763e-01
 3.9700e-01  4.7308e-01
 3.9770e-01  4.6846e-01
 3.9840e-01  4.6378e-01
 3.9910e-01  4.5903e-01
 3.9980e-01  4.5421e-01
 4.0050e-01  4.4933e-01
 4.0120e-01  4.4439e-01
 4.0190e-01  4.3939e-01
 4.0260e-01  4.3433e-01
 4.0330e-01  4.2921e-01
 4.0400e-01  4.2403e-01
 4.0470e-01  4.1879e-01
 4.0540e-01  4.1350e-01
 4.0610e-01  4.0816e-01
 4.0680e-01  4.0276e-01
 4.0750e-01  3.9731e-01
 4.0820e-01  3.9180e-01
 4.0890e-01  3.8625e-01
 4.0960e-01  3.8065e-01
 4.1030e-01  3.7500e-01
 4.1100e-01  3.6930e-01
 4.1170e-01  3.6355e-01
 4.1240e-01  3.5776e-01
 4.1310e-01  3.5193e-01
 4.1380e-01  3.4605e-01
 4.1450e-01  3.4014e-01
 4.1520e-01  3.3418e-01
 4.1590e-01  3.2818e-01
 4.1660e-01  3.2215e-01
 4.1730e-01  3.1608e-01
 4.1800e-01  3.0997e-01
 4.1870e-01  3.0383e-01
 4.1940e-01  2.9765e-01
 4.2010e-01  2.9144e-01
 4.2080e-01  2.8520e-01
 4.2150e-01  2.7893e-01
 4.2220e-01  2.7263e-01
 4.2290e-01  2.6630e-01
 4.2360e-01  2.5995e-01
 4.2430e-01  2.5357e-01
 4.2500e-01  2.4716e-01
 4.2570e-01  2.4074e-01
 4.2640e-01  2.3429e-01
 4.2710e-01  2.2781e-01
 4.2780e-01  2.2132e-01
 4.2850e-01  2.1481e-01
 4.2920e-01  2.0828e-01
 4.2990e-01  2.0174e-01
 4.3060e-01  1.9518e-01
 4.3130e-01  1.8860e-01
 4.3200e-01  1.8201e-01
 4.3270e-01  1.7541e-01
 4.3340e-01  1.6880e-01
 4.3410e-01  1.6218e-01
 4.3480e-01  1.5555e-01
 4.3550e-01  1.4891e-01
 4.3620e-01  1.4226e-01
 4.3690e-01  1.3561e-01
 4.3760e-01  1.2895e-01
 4.3830e-01  1.2229e-01
 4.3900e-01  1.1563e-01
 4.3970e-01  1.0897e-01
 4.4040e-01  1.0231e-01
 4.4110e-01  9.5645e-02
 4.4180e-01  8.8984e-02
 4.4250e-01  8.2327e-02
 4.4320e-01  7.5674e-02
 4.4390e-01  6.9026e-02
 4.4460e-01  6.2384e-02
 4.4530e-01  5.5749e-02
 4.4600e-01  4.9122e-02
 4.4670e-01  4.2505e-02
 4.4740e-01  3.5898e-02
 4.4810e-01  2.9302e-02
 4.4880e-01  2.2718e-02
 4.4950e-01  1.6148e-02
 4.5020e-01  9.5917e-03
 4.5090e-01  3.0510e-03
 4.5160e-01  3.4735e-03
 4.5230e-01  9.9808e-03
 4.5300e-01  1.6470e-02
 4.5370e-01  2.2940e-02
 4.5440e-01  2.9390e-02
 4.5510e-01  3.5818e-02
 4.5580e-01  4.2225e-02
 4.5650e-01  4.8609e-02
 4.5720e-01  5.4969e-02
 4.5790e-01  6.1304e-02
 4.5860e-01  6.7614e-02
 4.5930e-01  7.3897e-02
 4.6000e-01  8.0152e-02
 4.6070e-01  8.6380e-02
 4.6140e-01  9.2578e-02
 4.6210e-01  9.8746e-02
 4.6280e-01  1.0488e-01
 4.6350e-01  1.1099e-01
 4.6420e-01  1.1706e-01
 4.6490e-01  1.2310e-01
 4.6560e-01  1.2910e-01
 4.6630e-01  1.3507e-01
 4.6700e-01  1.4101e-01
 4.6770e-01  1.4691e-01
 4.6840e-01  1.5277e-01
 4.6910e-01  1.5859e-01
 4.6980e-01  1.6437e-01
 4.7050e-01  1.7011e-01
 4.7120e-01  1.7582e-01
 4.7190e-01  1.8148e-01
 4.7260e-01  1.8710e-01
 4.7330e-01  1.9268e-01
 4.7400e-01  1.9821e-01
 4.7470e-01  2.0370e-01
 4.7540e-01  2.0915e-01
 4.7610e-01  2.1455e-01
 4.7680e-01  2.1990e-01
 4.7750e-01  2.2521e-01
 4.7820e-01  2.3047e-01
 4.7890e-01  2.3568e-01
 4.7960e-01  2.4084e-01
 4.8030e-01  2.4596e-01
 4.8100e-01  2.5102e-01
 4.8170e-01  2.5604e-01
 4.8240e-01  2.6100e-01
 4.8310e-01  2.6592e-01
 4.8380e-01  2.7078e-01
 4.8450e-01  2.7559e-01
 4.8520e-01  2.8034e-01
 4.8590e-01  2.8504e-01
 4.8660e-01  2.8969e-01
 4.8730e-01  2.9428e-01
 4.8800e-01  2.9882e-01
 4.8870e-01  3.0331e-01
 4.8940e-01  3.0773e-01
 4.9010e-01  3.1211e-01
 4.9080e-01  3.1642e-01
 4.9150e-01  3.2068e-01
 4.9220e-01  3.2488e-01
 4.9290e-01  3.2902e-01
 4.9360e-01  3.3310e-01
 4.9430e-01  3.3713e-01
 4.9500e-01  3.4109e-01
 4.9570e-01  3.4500e-01
 4.9640e-01  3.4885e-01
 4.9710e-01  3.5264e-01
 4.9780e-01  3.5636e-01
 4.9850e-01  3.6003e-01
 4.9920e-01  3.6363e-01
 4.9990e-01  3.6718e-01
 5.0060e-01  3.7066e-01
 5.0130e-01  3.7408e-01
 5.0200e-01  3.7744e-01
 5.0270e-01  3.8074e-01
 5.0340e-01  3.8397e-01
 5.0410e-01  3.8714e-01
 5.0480e-01  3.9025e-01
 5.0550e-01  3.9330e-01
 5.0620e-01  3.9628e-01
 5.0690e-01  3.9920e-01
 5.0760e-01  4.0206e-01
 5.0830e-01  4.0485e-01
 5.0900e-01  4.0758e-01
 5.0970e-01  4.1024e-01
 5.1040e-01  4.1284e-01
 5.1110e-01  4.1538e-01
 5.1180e-01  4.1785e-01
 5.1250e-01  4.2026e-01
 5.1320e-01  4.2261e-01
 5.1390e-01  4.2489e-01
 5.1460e-01  4.2710e-01
 5.1530e-01  4.2926e-01
 5.1600e-01  4.3134e-01
 5.1670e-01  4.3337e-01
 5.1740e-01  4.3533e-01
 5.1810e-01  4.3722e-01
 5.1880e-01  4.3905e-01
 5.1950e-01  4.4082e-01
 5.2020e-01  4.4252e-01
 5.2090e-01  4.4416e-01
 5.2160e-01  4.4574e-01
 5.2230e-01  4.4725e-01
 5.2300e-01  4.4869e-01
 5.2370e-01  4.5008e-01
 5.2440e-01  4.5140e-01
 5.2510e-01  4.5265e-01
 5.2580e-01  4.5385e-01
 5.2650e-01  4.5498e-01
 5.2720e-01  4.5604e-01
 5.2790e-01  4.5705e-01
 5.2860e-01  4.5799e-01
 5.2930e-01  4.5887e-01
 5.3000e-01  4.5969e-01
 5.3070e-01  4.6044e-01
 5.3140e-01  4.6114e-01
 5.3210e-01  4.6177e-01
 5.3280e-01  4.6234e-01
 5.3350e-01  4.6285e-01
 5.3420e-01  4.6330e-01
 5.3490e-01  4.6369e-01
 5.3560e-01  4.6402e-01
 5.3630e-01  4.6428e-01
 5.3700e-01  4.6449e-01
 5.3770e-01  4.6464e-01
 5.3840e-01  4.6473e-01
 5.3910e-01  4.6477e-01
 5.3980e-01  4.6474e-01
 5.4050e-01  4.6465e-01
 5.4120e-01  4.6451e-01
 5.4190e-01  4.6431e-01
 5.4260e-01  4.6406e-01
 5.4330e-01  4.6374e-01
 5.4400e-01  4.6337e-01
 5.4470e-01  4.6295e-01
 5.4540e-01  4.6247e-01
 5.4610e-01  4.6193e-01
 5.4680e-01  4.6134e-01
 5.4750e-01  4.6070e-01
 5.4820e-01  4.6000e-01
 5.4890e-01  4.5925e-01
 5.4960e-01  4.5844e-01
 5.5030e-01  4.5759e-01
 5.5100e-01  4.5668e-01
 5.5170e-01  4.5572e-01
 5.5240e-01  4.5471e-01
 5.5310e-01  4.5365e-01
 5.5380e-01  4.5253e-01
 5.5450e-01  4.5137e-01
 5.5520e-01  4.5016e-01
 5.5590e-01  4.4890e-01
 5.5660e-01  4.4759e-01
 5.5730e-01  4.4624e-01
 5.5800e-01  4.4484e-01
 5.5870e-01  4.4339e-01
 5.5940e-01  4.4189e-01
 5.6010e-01  4.4035e-01
 5.6080e-01  4.3877e-01
 5.6150e-01  4.3714e-01
 5.6220e-01  4.3546e-01
 5.6290e-01  4.3375e-01
 5.6360e-01  4.3199e-01
 5.6430e-01  4.3018e-01
 5.6500e-01  4.2834e-01
 5.6570e-01  4.2646e-01
 5.6640e-01  4.2453e-01
 5.6710e-01  4.2256e-01
 5.6780e-01  4.2056e-01
 5.6850e-01  4.1852e-01
 5.6920e-01  4.1643e-01
 5.6990e-01  4.1431e-01
 5.7060e-01  4.1216e-01
 5.7130e-01  4.0997e-01
 5.7200e-01  4.0774e-01
 5.7270e-01  4.0547e-01
 5.7340e-01  4.0317e-01
 5.7410e-01  4.0084e-01
 5.7480e-01  3.9847e-01
 5.7550e-01  3.9608e-01
 5.7620e-01  3.9364e-01
 5.7690e-01  3.9118e-01
 5.7760e-01  3.8869e-01
 5.7830e-01  3.8616e-01
 5.7900e-01  3.8361e-01
 5.7970e-01  3.8103e-01
 5.8040e-01  3.7842e-01
 5.8110e-01  3.7578e-01
 5.8180e-01  3.7311e-01
 5.8250e-01  3.7042e-01
 5.8320e-01  3.6770e-01
 5.8390e-01  3.6496e-01
 5.8460e-01  3.6219e-01
 5.8530e-01  3.5940e-01
 5.8600e-01  3.5658e-01
 5.8670e-01  3.5374e-01
 5.8740e-01  3.5088e-01
 5.8810e-01  3.4800e-01
 5.8880e-01  3.4510e-01
 5.8950e-01  3.4217e-01
 5.9020e-01  3.3923e-01
 5.9090e-01  3.3627e-01
 5.9160e-01  3.3329e-01
 5.9230e-01  3.3029e-01
 5.9300e-01  3.2728e-01
 5.9370e-01  3.2425e-01
 5.9440e-01  3.2120e-01
 5.9510e-01  3.1814e-01
 5.9580e-01  3.1506e-01
 5.9650e-01  3.1197e-01
 5.9720e-01  3.0887e-01
 5.9790e-01  3.0575e-01
 5.9860e-01  3.0262e-01
 5.9930e-01  2.9948e-01
 6.0000e-01  2.9633e-01
 6.0070e-01  2.9317e-01
 6.0140e-01  2.9000e-01
 6.0210e-01  2.8683e-01
 6.0280e-01  2.8364e-01
 6.0350e-01  2.8044e-01
 6.0420e-01  2.7724e-01
 6.0490e-01  2.7403e-01
 6.0560e-01  2.7082e-01
 6.0630e-01  2.6760e-01
 6.0700e-01  2.6438e-01
 6.0770e-01  2.6115e-01
 6.0840e-01  2.5792e-01
 6.0910e-01  2.5469e-01
 6.0980e-01  2.5145e-01
 6.1050e-01  2.4821e-01
 6.1120e-01  2.4497e-01
 6.1190e-01  2.4173e-01
 6.1260e-01  2.3849e-01
 6.1330e-01  2.3525e-01
 6.1400e-01  2.3202e-01
 6.1470e-01  2.2878e-01
 6.1540e-01  2.2555e-01
 6.1610e-01  2.2232e-01
 6.1680e-01  2.1909e-01
 6.1750e-01  2.1586e-01
 6.1820e-01  2.1265e-01
 6.1890e-01  2.0943e-01
 6.1960e-01  2.0622e-01
 6.2030e-01  2.0302e-01
 6.2100e-01  1.9982e-01
 6.2170e-01  1.9664e-01
 6.2240e-01  1.9346e-01
 6.2310e-01  1.9028e-01
 6.2380e-01  1.8712e-01
 6.2450e-01  1.8396e-01
 6.2520e-01  1.8082e-01
 6.2590e-01  1.7768e-01
 6.2660e-01  1.7456e-01
 6.2730e-01  1.7144e-01
 6.2800e-01  1.6834e-01
 6.2870e-01  1.6525e-01
 6.2940e-01  1.6218e-01
 6.3010e-01  1.5911e-01
 6.3080e-01  1.5606e-01
 6.3150e-01  1.5302e-01
 6.3220e-01  1.5000e-01
 6.3290e-01  1.4699e-01
 6.3360e-01  1.4400e-01
 6.3430e-01  1.4102e-01
 6.3500e-01  1.3806e-01
 6.3570e-01  1.3512e-01
 6.3640e-01  1.3219e-01
 6.3710e-01  1.2928e-01
 6.3780e-01  1.2639e-01
 6.3850e-01  1.2351e-01
 6.3920e-01  1.2065e-01
 6.3990e-01  1.1782e-01
 6.4060e-01  1.1500e-01
 6.4130e-01  1.1220e-01
 6.4200e-01  1.0942e-01
 6.4270e-01  1.0666e-01
 6.4340e-01  1.0392e-01
 6.4410e-01  1.0121e-01
 6.4480e-01  9.8510e-02
 6.4550e-01  9.5835e-02
 6.4620e-01  9.3183e-02
 6.4690e-01  9.0552e-02
 6.4760e-01  8.7944e-02
 6.4830e-01  8.5359e-02
 6.4900e-01  8.2797e-02
 6.4970e-01  8.0259e-02
 6.5040e-01  7.7744e-02
 6.5110e-01  7.5253e-02
 6.5180e-01  7.2786e-02
 6.5250e-01  7.0344e-02
 6.5320e-01  6.7927e-02
 6.5390e-01  6.5535e-02
 6.5460e-01  6.3167e-02
 6.5530e-01  6.0826e-02
 6.5600e-01  5.8510e-02
 6.5670e-01  5.6220e-02
 6.5740e-01  5.3956e-02
 6.5810e-01  5.1718e-02
 6.5880e-01  4.9507e-02
 6.5950e-01  4.7323e-02
 6.6020e-01  4.5166e-02
 6.6090e-01  4.3035e-02
 6.6160e-01  4.0932e-02
 6.6230e-01  3.8857e-02
 6.6300e-01  3.6809e-02
 6.6370e-01  3.4789e-02
 6.6440e-01  3.2797e-02
 6.6510e-01  3.0833e-02
 6.6580e-01  2.8897e-02
 6.6650e-01  2.6989e-02
 6.6720e-01  2.5110e-02
 6.6790e-01  2.3260e-02
 6.6860e-01  2.1438e-02
 6.6930e-01  1.9645e-02
 6.7000e-01  1.7881e-02
 6.7070e-01  1.6145e-02
 6.7140e-01  1.4439e-02
 6.7210e-01  1.2762e-02
 6.7280e-01  1.1114e-02
 6.7350e-01  9.4955e-03
 6.7420e-01  7.9062e-03
 6.7490e-01  6.3462e-03
 6.7560e-01  4.8156e-03
 6.7630e-01  3.3145e-03
 6.7700e-01  1.8428e-03
 6.7770e-01  4.0070e-04
 6.7840e-01  1.0119e-03
 6.7910e-01  2.3950e-03
 6.7980e-01  3.7486e-03
 6.8050e-01  5.0726e-03
 6.8120e-01  6.3671e-03
 6.8190e-01  7.6321e-03
 6.8260e-01  8.8675e-03
 6.8330e-01  1.0074e-02
 6.8400e-01  1.1250e-02
 6.8470e-01  1.2397e-02
 6.8540e-01  1.3515e-02
 6.8610e-01  1.4603e-02
 6.8680e-01  1.5662e-02
 6.8750e-01  1.6692e-02
 6.8820e-01  1.7693e-02
 6.8890e-01  1.8665e-02
 6.8960e-01  1.9608e-02
 6.9030e-01  2.0521e-02
 6.9100e-01  2.1406e-02
 6.9170e-01  2.2263e-02
 6.9240e-01  2.3090e-02
 6.9310e-01  2.3889e-02
 6.9380e-01  2.4660e-02
 6.9450e-01  2.5402e-02
 6.9520e-01  2.6116e-02
 6.9590e-01  2.6802e-02
 6.9660e-01  2.7460e-02
 6.9730e-01  2.8090e-02
 6.9800e-01  2.8693e-02
 6.9870e-01  2.9268e-02
 6.9940e-01  2.9815e-02
 7.0010e-01  3.0336e-02
 7.0080e-01  3.0829e-02
 7.0150e-01  3.1295e-02
 7.0220e-01  3.1735e-02
 7.0290e-01  3.2148e-02
 7.0360e-01  3.2535e-02
 7.0430e-01  3.2895e-02
 7.0500e-01  3.3230e-02
 7.0570e-01  3.3538e-02
 7.0640e-01  3.3821e-02
 7.0710e-01  3.4079e-02
 7.0780e-01  3.4311e-02
 7.0850e-01  3.4518e-02
 7.0920e-01  3.4701e-02
 7.0990e-01  3.4858e-02
 7.1060e-01  3.4992e-02
 7.1130e-01  3.5101e-02
 7.1200e-01  3.5186e-02
 7.1270e-01  3.5248e-02
 7.1340e-01  3.5286e-02
 7.1410e-01  3.5301e-02
 7.1480e-01  3.5292e-02
 7.1550e-01  3.5261e-02
 7.1620e-01  3.5208e-02
 7.1690e-01  3.5132e-02
 7.1760e-01  3.5034e-02
 7.1830e-01  3.4914e-02
 7.1900e-01  3.4773e-02
 7.1970e-01  3.4611e-02
 7.2040e-01  3.4428e-02
 7.2110e-01  3.4224e-02
 7.2180e-01  3.3999e-02
 7.2250e-01  3.3754e-02
 7.2320e-01  3.3490e-02
 7.2390e-01  3.3206e-02
 7.2460e-01  3.2902e-02
 7.2530e-01  3.2579e-02
 7.2600e-01  3.2238e-02
 7.2670e-01  3.1878e-02
 7.2740e-01  3.1500e-02
 7.2810e-01  3.1104e-02
 7.2880e-01  3.0690e-02
 7.2950e-01  3.0259e-02
 7.3020e-01  2.9811e-02
 7.3090e-01  2.9346e-02
 7.3160e-01  2.8865e-02
 7.3230e-01  2.8368e-02
 7.3300e-01  2.7855e-02
 7.3370e-01  2.7326e-02
 7.3440e-01  2.6782e-02
 7.3510e-01  2.6224e-02
 7.3580e-01  2.5650e-02
 7.3650e-01  2.5063e-02
 7.3720e-01  2.4461e-02
 7.3790e-01  2.3846e-02
 7.3860e-01  2.3217e-02
 7.3930e-01  2.2575e-02
 7.4000e-01  2.1921e-02
 7.4070e-01  2.1254e-02
 7.4140e-01  2.0575e-02
 7.4210e-01  1.9884e-02
 7.4280e-01  1.9182e-02
 7.4350e-01  1.8469e-02
 7.4420e-01  1.7745e-02
 7.4490e-01  1.7010e-02
 7.4560e-01  1.6265e-02
 7.4630e-01  1.5510e-02
 7.4700e-01  1.4746e-02
 7.4770e-01  1.3973e-02
 7.4840e-01  1.3190e-02
 7.4910e-01  1.2399e-02
 7.4980e-01  1.1600e-02
 7.5050e-01  1.0793e-02
 7.5120e-01  9.9776e-03
 7.5190e-01  9.1554e-03
 7.5260e-01  8.3262e-03
 7.5330e-01  7.4903e-03
 7.5400e-01  6.6480e-03
 7.5470e-01  5.7996e-03
 7.5540e-01  4.9455e-03
 7.5610e-01  4.0860e-03
 7.5680e-01  3.2214e-03
 7.5750e-01  2.3520e-03
 7.5820e-01  1.4780e-03
 7.5890e-01  5.9994e-04
 7.5960e-01  2.8204e-04
 7.6030e-01  1.1676e-03
 7.6100e-01  2.0564e-03
 7.6170e-01  2.9481e-03
 7.6240e-01  3.8425e-03
 7.6310e-01  4.7392e-03
 7.6380e-01  5.6380e-03
 7.6450e-01  6.5385e-03
 7.6520e-01  7.4404e-03
 7.6590e-01  8.3435e-03
 7.6660e-01  9.2474e-03
 7.6730e-01  1.0152e-02
 7.6800e-01  1.1057e-02
 7.6870e-01  1.1961e-02
 7.6940e-01  1.2866e-02
 7.7010e-01  1.3769e-02
 7.7080e-01  1.4672e-02
 7.7150e-01  1.5574e-02
 7.7220e-01  1.6474e-02
 7.7290e-01  1.7373e-02
 7.7360e-01  1.8269e-02
 7.7430e-01  1.9164e-02
 7.7500e-01  2.0055e-02
 7.7570e-01  2.0944e-02
 7.7640e-01  2.1830e-02
 7.7710e-01  2.2712e-02
 7.7780e-01  2.3591e-02
 7.7850e-01  2.4466e-02
 7.7920e-01  2.5337e-02
 7.7990e-01  2.6203e-02
 7.8060e-01  2.7065e-02
 7.8130e-01  2.7922e-02
 7.8200e-01  2.8773e-02
 7.8270e-01  2.9620e-02
 7.8340e-01  3.0460e-02
 7.8410e-01  3.1295e-02
 7.8480e-01  3.2124e-02
 7.8550e-01  3.2946e-02
 7.8620e-01  3.3762e-02
 7.8690e-01  3.4571e-02
 7.8760e-01  3.5373e-02
 7.8830e-01  3.6168e-02
 7.8900e-01  3.6955e-02
 7.8970e-01  3.7735e-02
 7.9040e-01  3.8506e-02
 7.9110e-01  3.9270e-02
 7.9180e-01  4.0025e-02
 7.9250e-01  4.0772e-02
 7.9320e-01  4.1510e-02
 7.9390e-01  4.2239e-02
 7.9460e-01  4.2960e-02
 7.9530e-01  4.3670e-02
 7.9600e-01  4.4372e-02
 7.9670e-01  4.5064e-02
 7.9740e-01  4.5745e-02
 7.9810e-01  4.6417e-02
 7.9880e-01  4.7079e-02
 7.9950e-01  4.7730e-02
 8.0020e-01  4.8371e-02
 8.0090e-01  4.9002e-02
 8.0160e-01  4.9621e-02
 8.0230e-01  5.0229e-02
 8.0300e-01  5.0826e-02
 8.0370e-01  5.1412e-02
 8.0440e-01  5.1987e-02
 8.0510e-01  5.2550e-02
 8.0580e-01  5.3101e-02
 8.0650e-01  5.3640e-02
 8.0720e-01  5.4168e-02
 8.0790e-01  5.4683e-02
 8.0860e-01  5.5186e-02
 8.0930e-01  5.5677e-02
 8.1000e-01  5.6155e-02
 8.1070e-01  5.6621e-02
 8.1140e-01  5.7073e-02
 8.1210e-01  5.7514e-02
 8.1280e-01  5.7941e-02
 8.1350e-01  5.8355e-02
 8.1420e-01  5.8756e-02
 8.1490e-01  5.9144e-02
 8.1560e-01  5.9519e-02
 8.1630e-01  5.9880e-02
 8.1700e-01  6.0228e-02
 8.1770e-01  6.0563e-02
 8.1840e-01  6.0884e-02
 8.1910e-01  6.1191e-02
 8.1980e-01  6.1484e-02
 8.2050e-01  6.1764e-02
 8.2120e-01  6.2030e-02
 8.2190e-01  6.2282e-02
 8.2260e-01  6.2520e-02
 8.2330e-01  6.2744e-02
 8.2400e-01  6.2954e-02
 8.2470e-01  6.3150e-02
 8.2540e-01  6.3332e-02
 8.2610e-01  6.3500e-02
 8.2680e-01  6.3653e-02
 8.2750e-01  6.3792e-02
 8.2820e-01  6.3918e-02
 8.2890e-01  6.4029e-02
 8.2960e-01  6.4125e-02
 8.3030e-01  6.4208e-02
 8.3100e-01  6.4276e-02
 8.3170e-01  6.4330e-02
 8.3240e-01  6.4369e-02
 8.3310e-01  6.4395e-02
 8.3380e-01  6.4406e-02
 8.3450e-01  6.4402e-02
 8.3520e-01  6.4385e-02
 8.3590e-01  6.4353e-02
 8.3660e-01  6.4307e-02
 8.3730e-01  6.4247e-02
 8.3800e-01  6.4173e-02
 8.3870e-01  6.4085e-02
 8.3940e-01  6.3982e-02
 8.4010e-01  6.3866e-02
 8.4080e-01  6.3735e-02
 8.4150e-01  6.3591e-02
 8.4220e-01  6.3432e-02
 8.4290e-01  6.3260e-02
 8.4360e-01  6.3074e-02
 8.4430e-01  6.2874e-02
 8.4500e-01  6.2660e-02
 8.4570e-01  6.2433e-02
 8.4640e-01  6.2192e-02
 8.4710e-01  6.1937e-02
 8.4780e-01  6.1669e-02
 8.4850e-01  6.1388e-02
 8.4920e-01  6.1093e-02
 8.4990e-01  6.0785e-02
 8.5060e-01  6.0464e-02
 8.5130e-01  6.0130e-02
 8.5200e-01  5.9783e-02
 8.5270e-01  5.9423e-02
 8.5340e-01  5.9050e-02
 8.5410e-01  5.8664e-02
 8.5480e-01  5.8266e-02
 8.5550e-01  5.7855e-02
 8.5620e-01  5.7432e-02
 8.5690e-01  5.6997e-02
 8.5760e-01  5.6549e-02
 8.5830e-01  5.6090e-02
 8.5900e-01  5.5618e-02
 8.5970e-01  5.5135e-02
 8.6040e-01  5.4639e-02
 8.6110e-01  5.4132e-02
 8.6180e-01  5.3614e-02
 8.6250e-01  5.3084e-02
 8.6320e-01  5.2543e-02
 8.6390e-01  5.1991e-02
 8.6460e-01  5.1428e-02
 8.6530e-01  5.0854e-02
 8.6600e-01  5.0269e-02
 8.6670e-01  4.9674e-02
 8.6740e-01  4.9068e-02
 8.6810e-01  4.8452e-02
 8.6880e-01  4.7826e-02
 8.6950e-01  4.7190e-02
 8.7020e-01  4.6544e-02
 8.7090e-01  4.5888e-02
 8.7160e-01  4.5223e-02
 8.7230e-01  4.4548e-02
 8.7300e-01  4.3864e-02
 8.7370e-01  4.3171e-02
 8.7440e-01  4.2469e-02
 8.7510e-01  4.1758e-02
 8.7580e-01  4.1038e-02
 8.7650e-01  4.0310e-02
 8.7720e-01  3.9574e-02
 8.7790e-01  3.8829e-02
 8.7860e-01  3.8077e-02
 8.7930e-01  3.7316e-02
 8.8000e-01  3.6549e-02
 8.8070e-01  3.5773e-02
 8.8140e-01  3.4990e-02
 8.8210e-01  3.4200e-02
 8.8280e-01  3.3404e-02
 8.8350e-01  3.2600e-02
 8.8420e-01  3.1790e-02
 8.8490e-01  3.0973e-02
 8.8560e-01  3.0150e-02
 8.8630e-01  2.9321e-02
 8.8700e-01  2.8486e-02
 8.8770e-01  2.7645e-02
 8.8840e-01  2.6799e-02
 8.8910e-01  2.5947e-02
 8.8980e-01  2.5090e-02
 8.9050e-01  2.4229e-02
 8.9120e-01  2.3362e-02
 8.9190e-01  2.2491e-02
 8.9260e-01  2.1615e-02
 8.9330e-01  2.0735e-02
 8.9400e-01  1.9851e-02
 8.9470e-01  1.8963e-02
 8.9540e-01  1.8071e-02
 8.9610e-01  1.7176e-02
 8.9680e-01  1.6277e-02
 8.9750e-01  1.5375e-02
 8.9820e-01  1.4470e-02
 8.9890e-01  1.3563e-02
 8.9960e-01  1.2653e-02
 9.0030e-01  1.1740e-02
 9.0100e-01  1.0825e-02
 9.0170e-01  9.9081e-03
 9.0240e-01  8.9893e-03
 9.0310e-01  8.0689e-03
 9.0380e-01  7.1469e-03
 9.0450e-01  6.2237e-03
 9.0520e-01  5.2993e-03
 9.0590e-01  4.3740e-03
 9.0660e-01  3.4479e-03
 9.0730e-01  2.5213e-03
 9.0800e-01  1.5943e-03
 9.0870e-01  6.6713e-04
 9.0940e-01  2.6008e-04
 9.1010e-01  1.1871e-03
 9.1080e-01  2.1138e-03
 9.1150e-01  3.0399e-03
 9.1220e-01  3.9654e-03
 9.1290e-01  4.8899e-03
 9.1360e-01  5.8134e-03
 9.1430e-01  6.7356e-03
 9.1500e-01  7.6564e-03
 9.1570e-01  8.5755e-03
 9.1640e-01  9.4929e-03
 9.1710e-01  1.0408e-02
 9.1780e-01  1.1322e-02
 9.1850e-01  1.2232e-02
 9.1920e-01  1.3141e-02
 9.1990e-01  1.4047e-02
 9.2060e-01  1.4950e-02
 9.2130e-01  1.5850e-02
 9.2200e-01  1.6746e-02
 9.2270e-01  1.7640e-02
 9.2340e-01  1.8530e-02
 9.2410e-01  1.9416e-02
 9.2480e-01  2.0299e-02
 9.2550e-01  2.1177e-02
 9.2620e-01  2.2051e-02
 9.2690e-01  2.2921e-02
 9.2760e-01  2.3787e-02
 9.2830e-01  2.4647e-02
 9.2900e-01  2.5503e-02
 9.2970e-01  2.6354e-02
 9.3040e-01  2.7200e-02
 9.3110e-01  2.8041e-02
 9.3180e-01  2.8876e-02
 9.3250e-01  2.9706e-02
 9.3320e-01  3.0530e-02
 9.3390e-01  3.1348e-02
 9.3460e-01  3.2160e-02
 9.3530e-01  3.2966e-02
 9.3600e-01  3.3765e-02
 9.3670e-01  3.4559e-02
 9.3740e-01  3.5345e-02
 9.3810e-01  3.6125e-02
 9.3880e-01  3.6898e-02
 9.3950e-01  3.7664e-02
 9.4020e-01  3.8423e-02
 9.4090e-01  3.9175e-02
 9.4160e-01  3.9919e-02
 9.4230e-01  4.0656e-02
 9.4300e-01  4.1386e-02
 9.4370e-01  4.2107e-02
 9.4440e-01  4.2821e-02
 9.4510e-01  4.3526e-02
 9.4580e-01  4.4224e-02
 9.4650e-01  4.4913e-02
 9.4720e-01  4.5594e-02
 9.4790e-01  4.6267e-02
 9.4860e-01  4.6931e-02
 9.4930e-01  4.7586e-02
 9.5000e-01  4.8233e-02
 9.5070e-01  4.8870e-02
 9.5140e-01  4.9499e-02
 9.5210e-01  5.0119e-02
 9.5280e-01  5.0729e-02
 9.5350e-01  5.1330e-02
 9.5420e-01  5.1922e-02
 9.5490e-01  5.2505e-02
 9.5560e-01  5.3077e-02
 9.5630e-01  5.3641e-02
 9.5700e-01  5.4194e-02
 9.5770e-01  5.4738e-02
 9.5840e-01  5.5272e-02
 9.5910e-01  5.5796e-02
 9.5980e-01  5.6309e-02
 9.6050e-01  5.6813e-02
 9.6120e-01  5.7307e-02
 9.6190e-01  5.7790e-02
 9.6260e-01  5.8263e-02
 9.6330e-01  5.8726e-02
 9.6400e-01  5.9178e-02
 9.6470e-01  5.9620e-02
 9.6540e-01  6.0051e-02
 9.6610e-01  6.0471e-02
 9.6680e-01  6.0881e-02
 9.6750e-01  6.1280e-02
 9.6820e-01  6.1668e-02
 9.6890e-01  6.2046e-02
 9.6960e-01  6.2413e-02
 9.7030e-01  6.2768e-02
 9.7100e-01  6.3113e-02
 9.7170e-01  6.3447e-02
 9.7240e-01  6.3769e-02
 9.7310e-01  6.4081e-02
 9.7380e-01  6.4381e-02
 9.7450e-01  6.4671e-02
 9.7520e-01  6.4949e-02
 9.7590e-01  6.5216e-02
 9.7660e-01  6.5472e-02
 9.7730e-01  6.5716e-02
 9.7800e-01  6.5949e-02
 9.7870e-01  6.6171e-02
 9.7940e-01  6.6382e-02
 9.8010e-01  6.6582e-02
 9.8080e-01  6.6770e-02
 9.8150e-01  6.6946e-02
 9.8220e-01  6.7112e-02
 9.8290e-01  6.7266e-02
 9.8360e-01  6.7409e-02
 9.8430e-01  6.7540e-02
 9.8500e-01  6.7660e-02
 9.8570e-01  6.7769e-02
 9.8640e-01  6.7866e-02
 9.8710e-01  6.7952e-02
 9.8780e-01  6.8027e-02
 9.8850e-01  6.8091e-02
 9.8920e-01  6.8143e-02
 9.8990e-01  6.8184e-02
 9.9060e-01  6.8214e-02
 9.9130e-01  6.8232e-02
 9.9200e-01  6.8239e-02
 9.9270e-01  6.8235e-02
 9.9340e-01  6.8220e-02
 9.9410e-01  6.8194e-02
 9.9480e-01  6.8157e-02
 9.9550e-01  6.8109e-02
 9.9620e-01  6.8049e-02
 9.9690e-01  6.7979e-02
 9.9760e-01  6.7897e-02
 9.9830e-01  6.7805e-02
 9.9900e-01  6.7702e-02
 9.9970e-01  6.7588e-02
 1.0004e+00  6.7463e-02
 1.0011e+00  6.7328e-02
 1.0018e+00  6.7182e-02
 1.0025e+00  6.7025e-02
 1.0032e+00  6.6858e-02
 1.0039e+00  6.6680e-02
 1.0046e+00  6.6491e-02
 1.0053e+00  6.6293e-02
 1.0060e+00  6.6083e-02
 1.0067e+00  6.5864e-02
 1.0074e+00  6.5634e-02
 1.0081e+00  6.5394e-02
 1.0088e+00  6.5145e-02
 1.0095e+00  6.4885e-02
 1.0102e+00  6.4615e-02
 1.0109e+00  6.4335e-02
 1.0116e+00  6.4045e-02
 1.0123e+00  6.3746e-02
 1.0130e+00  6.3437e-02
 1.0137e+00  6.3118e-02
 1.0144e+00  6.2790e-02
 1.0151e+00  6.2453e-02
 1.0158e+00  6.2106e-02
 1.0165e+00  6.1750e-02
 1.0172e+00  6.1384e-02
 1.0179e+00  6.1010e-02
 1.0186e+00  6.0626e-02
 1.0193e+00  6.0234e-02
 1.0200e+00  5.9833e-02
 1.0207e+00  5.9423e-02
 1.0214e+00  5.9004e-02
 1.0221e+00  5.8577e-02
 1.0228e+00  5.8142e-02
 1.0235e+00  5.7698e-02
 1.0242e+00  5.7246e-02
 1.0249e+00  5.6785e-02
 1.0256e+00  5.6317e-02
 1.0263e+00  5.5841e-02
 1.0270e+00  5.5357e-02
 1.0277e+00  5.4865e-02
 1.0284e+00  5.4365e-02
 1.0291e+00  5.3858e-02
 1.0298e+00  5.3343e-02
 1.0305e+00  5.2821e-02
 1.0312e+00  5.2292e-02
 1.0319e+00  5.1756e-02
 1.0326e+00  5.1213e-02
 1.0333e+00  5.0663e-02
 1.0340e+00  5.0106e-02
 1.0347e+00  4.9542e-02
 1.0354e+00  4.8972e-02
 1.0361e+00  4.8396e-02
 1.0368e+00  4.7813e-02
 1.0375e+00  4.7224e-02
 1.0382e+00  4.6628e-02
 1.0389e+00  4.6027e-02
 1.0396e+00  4.5420e-02
 1.0403e+00  4.4807e-02
 1.0410e+00  4.4189e-02
 1.0417e+00  4.3565e-02
 1.0424e+00  4.2936e-02
 1.0431e+00  4.2301e-02
 1.0438e+00  4.1661e-02
 1.0445e+00  4.1017e-02
 1.0452e+00  4.0367e-02
 1.0459e+00  3.9712e-02
 1.0466e+00  3.9053e-02
 1.0473e+00  3.8390e-02
 1.0480e+00  3.7722e-02
 1.0487e+00  3.7049e-02
 1.0494e+00  3.6373e-02
 1.0501e+00  3.5692e-02
 1.0508e+00  3.5008e-02
 1.0515e+00  3.4320e-02
 1.0522e+00  3.3628e-02
 1.0529e+00  3.2932e-02
 1.0536e+00  3.2234e-02
 1.0543e+00  3.1532e-02
 1.0550e+00  3.0826e-02
 1.0557e+00  3.0118e-02
 1.0564e+00  2.9407e-02
 1.0571e+00  2.8693e-02
 1.0578e+00  2.7976e-02
 1.0585e+00  2.7257e-02
 1.0592e+00  2.6535e-02
 1.0599e+00  2.5811e-02
 1.0606e+00  2.5085e-02
 1.0613e+00  2.4357e-02
 1.0620e+00  2.3627e-02
 1.0627e+00  2.2896e-02
 1.0634e+00  2.2162e-02
 1.0641e+00  2.1427e-02
 1.0648e+00  2.0691e-02
 1.0655e+00  1.9953e-02
 1.0662e+00  1.9215e-02
 1.0669e+00  1.8475e-02
 1.0676e+00  1.7734e-02
 1.0683e+00  1.6993e-02
 1.0690e+00  1.6251e-02
 1.0697e+00  1.5508e-02
 1.0704e+00  1.4765e-02
 1.0711e+00  1.4021e-02
 1.0718e+00  1.3278e-02
 1.0725e+00  1.2534e-02
 1.0732e+00  1.1791e-02
 1.0739e+00  1.1047e-02
 1.0746e+00  1.0304e-02
 1.0753e+00  9.5618e-03
 1.0760e+00  8.8198e-03
 1.0767e+00  8.0784e-03
 1.0774e+00  7.3378e-03
 1.0781e+00  6.5981e-03
 1.0788e+00  5.8595e-03
 1.0795e+00  5.1219e-03
 1.0802e+00  4.3857e-03
 1.0809e+00  3.6507e-03
 1.0816e+00  2.9173e-03
 1.0823e+00  2.1855e-03
 1.0830e+00  1.4553e-03
 1.0837e+00  7.2701e-04
 1.0844e+00  6.0931e-07
 1.0851e+00  7.2375e-04
 1.0858e+00  1.4460e-03
 1.0865e+00  2.1659e-03
 1.0872e+00  2.8835e-03
 1.0879e+00  3.5987e-03
 1.0886e+00  4.3112e-03
 1.0893e+00  5.0211e-03
 1.0900e+00  5.7282e-03
 1.0907e+00  6.4324e-03
 1.0914e+00  7.1336e-03
 1.0921e+00  7.8317e-03
 1.0928e+00  8.5266e-03
 1.0935e+00  9.2183e-03
 1.0942e+00  9.9065e-03
 1.0949e+00  1.0591e-02
 1.0956e+00  1.1272e-02
 1.0963e+00  1.1950e-02
 1.0970e+00  1.2624e-02
 1.0977e+00  1.3293e-02
 1.0984e+00  1.3959e-02
 1.0991e+00  1.4621e-02
 1.0998e+00  1.5279e-02
 1.1005e+00  1.5932e-02
 1.1012e+00  1.6581e-02
 1.1019e+00  1.7226e-02
 1.1026e+00  1.7866e-02
 1.1033e+00  1.8502e-02
 1.1040e+00  1.9133e-02
 1.1047e+00  1.9759e-02
 1.1054e+00  2.0381e-02
 1.1061e+00  2.0997e-02
 1.1068e+00  2.1609e-02
 1.1075e+00  2.2215e-02
 1.1082e+00  2.2817e-02
 1.1089e+00  2.3413e-02
 1.1096e+00  2.4003e-02
 1.1103e+00  2.4589e-02
 1.1110e+00  2.5169e-02
 1.1117e+00  2.5743e-02
 1.1124e+00  2.6312e-02
 1.1131e+00  2.6875e-02
 1.1138e+00  2.7433e-02
 1.1145e+00  2.7985e-02
 1.1152e+00  2.8531e-02
 1.1159e+00  2.9071e-02
 1.1166e+00  2.9605e-02
 1.1173e+00  3.0133e-02
 1.1180e+00  3.0655e-02
 1.1187e+00  3.1170e-02
 1.1194e+00  3.1680e-02
 1.1201e+00  3.2183e-02
 1.1208e+00  3.2680e-02
 1.1215e+00  3.3171e-02
 1.1222e+00  3.3655e-02
 1.1229e+00  3.4133e-02
 1.1236e+00  3.4604e-02
 1.1243e+00  3.5069e-02
 1.1250e+00  3.5527e-02
 1.1257e+00  3.5978e-02
 1.1264e+00  3.6423e-02
 1.1271e+00  3.6861e-02
 1.1278e+00  3.7292e-02
 1.1285e+00  3.7716e-02
 1.1292e+00  3.8133e-02
 1.1299e+00  3.8544e-02
 1.1306e+00  3.8947e-02
 1.1313e+00  3.9344e-02
 1.1320e+00  3.9734e-02
 1.1327e+00  4.0116e-02
 1.1334e+00  4.0492e-02
 1.1341e+00  4.0860e-02
 1.1348e+00  4.1221e-02
 1.1355e+00  4.1575e-02
 1.1362e+00  4.1922e-02
 1.1369e+00  4.2262e-02
 1.1376e+00  4.2595e-02
 1.1383e+00  4.2920e-02
 1.1390e+00  4.3238e-02
 1.1397e+00  4.3548e-02
 1.1404e+00  4.3852e-02
 1.1411e+00  4.4148e-02
 1.1418e+00  4.4436e-02
 1.1425e+00  4.4718e-02
 1.1432e+00  4.4992e-02
 1.1439e+00  4.5258e-02
 1.1446e+00  4.5518e-02
 1.1453e+00  4.5769e-02
 1.1460e+00  4.6014e-02
 1.1467e+00  4.6251e-02
 1.1474e+00  4.6481e-02
 1.1481e+00  4.6703e-02
 1.1488e+00  4.6918e-02
 1.1495e+00  4.7125e-02
 1.1502e+00  4.7325e-02
 1.1509e+00  4.7517e-02
 1.1516e+00  4.7702e-02
 1.1523e+00  4.7880e-02
 1.1530e+00  4.8050e-02
 1.1537e+00  4.8213e-02
 1.1544e+00  4.8369e-02
 1.1551e+00  4.8517e-02
 1.1558e+00  4.8658e-02
 1.1565e+00  4.8791e-02
 1.1572e+00  4.8917e-02
 1.1579e+00  4.9036e-02
 1.1586e+00  4.9147e-02
 1.1593e+00  4.9251e-02
 1.1600e+00  4.9348e-02
 1.1607e+00  4.9437e-02
 1.1614e+00  4.9519e-02
 1.1621e+00  4.9594e-02
 1.1628e+00  4.9662e-02
 1.1635e+00  4.9723e-02
 1.1642e+00  4.9776e-02
 1.1649e+00  4.9822e-02
 1.1656e+00  4.9861e-02
 1.1663e+00  4.9893e-02
 1.1670e+00  4.9918e-02
 1.1677e+00  4.9936e-02
 1.1684e+00  4.9947e-02
 1.1691e+00  4.9951e-02
 1.1698e+00  4.9948e-02
 1.1705e+00  4.9938e-02
 1.1712e+00  4.9921e-02
 1.1719e+00  4.9898e-02
 1.1726e+00  4.9867e-02
 1.1733e+00  4.9830e-02
 1.1740e+00  4.9786e-02
 1.1747e+00  4.9735e-02
 1.1754e+00  4.9678e-02
 1.1761e+00  4.9614e-02
 1.1768e+00  4.9543e-02
 1.1775e+00  4.9466e-02
 1.1782e+00  4.9383e-02
 1.1789e+00  4.9293e-02
 1.1796e+00  4.9196e-02
 1.1803e+00  4.9093e-02
 1.1810e+00  4.8984e-02
 1.1817e+00  4.8869e-02
 1.1824e+00  4.8747e-02
 1.1831e+00  4.8619e-02
 1.1838e+00  4.8485e-02
 1.1845e+00  4.8345e-02
 1.1852e+00  4.8199e-02
 1.1859e+00  4.8047e-02
 1.1866e+00  4.7889e-02
 1.1873e+00  4.7726e-02
 1.1880e+00  4.7556e-02
 1.1887e+00  4.7381e-02
 1.1894e+00  4.7200e-02
 1.1901e+00  4.7013e-02
 1.1908e+00  4.6821e-02
 1.1915e+00  4.6623e-02
 1.1922e+00  4.6419e-02
 1.1929e+00  4.6211e-02
 1.1936e+00  4.5996e-02
 1.1943e+00  4.5777e-02
 1.1950e+00  4.5552e-02
 1.1957e+00  4.5322e-02
 1.1964e+00  4.5087e-02
 1.1971e+00  4.4847e-02
 1.1978e+00  4.4602e-02
 1.1985e+00  4.4352e-02
 1.1992e+00  4.4097e-02
 1.1999e+00  4.3838e-02
 1.2006e+00  4.3573e-02
 1.2013e+00  4.3304e-02
 1.2020e+00  4.3030e-02
 1.2027e+00  4.2752e-02
 1.2034e+00  4.2469e-02
 1.2041e+00  4.2182e-02
 1.2048e+00  4.1890e-02
 1.2055e+00  4.1594e-02
 1.2062e+00  4.1294e-02
 1.2069e+00  4.0990e-02
 1.2076e+00  4.0681e-02
 1.2083e+00  4.0369e-02
 1.2090e+00  4.0052e-02
 1.2097e+00  3.9732e-02
 1.2104e+00  3.9408e-02
 1.2111e+00  3.9080e-02
 1.2118e+00  3.8748e-02
 1.2125e+00  3.8413e-02
 1.2132e+00  3.8074e-02
 1.2139e+00  3.7732e-02
 1.2146e+00  3.7386e-02
 1.2153e+00  3.7038e-02
 1.2160e+00  3.6685e-02
 1.2167e+00  3.6330e-02
 1.2174e+00  3.5971e-02
 1.2181e+00  3.5610e-02
 1.2188e+00  3.5245e-02
 1.2195e+00  3.4877e-02
 1.2202e+00  3.4507e-02
 1.2209e+00  3.4134e-02
 1.2216e+00  3.3758e-02
 1.2223e+00  3.3380e-02
 1.2230e+00  3.2998e-02
 1.2237e+00  3.2615e-02
 1.2244e+00  3.2229e-02
 1.2251e+00  3.1841e-02
 1.2258e+00  3.1450e-02
 1.2265e+00  3.1057e-02
 1.2272e+00  3.0662e-02
 1.2279e+00  3.0265e-02
 1.2286e+00  2.9866e-02
 1.2293e+00  2.9465e-02
 1.2300e+00  2.9062e-02
 1.2307e+00  2.8658e-02
 1.2314e+00  2.8252e-02
 1.2321e+00  2.7844e-02
 1.2328e+00  2.7434e-02
 1.2335e+00  2.7023e-02
 1.2342e+00  2.6611e-02
 1.2349e+00  2.6197e-02
 1.2356e+00  2.5782e-02
 1.2363e+00  2.5365e-02
 1.2370e+00  2.4948e-02
 1.2377e+00  2.4529e-02
 1.2384e+00  2.4110e-02
 1.2391e+00  2.3689e-02
 1.2398e+00  2.3268e-02
 1.2405e+00  2.2846e-02
 1.2412e+00  2.2423e-02
 1.2419e+00  2.1999e-02
 1.2426e+00  2.1575e-02
 1.2433e+00  2.1150e-02
 1.2440e+00  2.0725e-02
 1.2447e+00  2.0299e-02
 1.2454e+00  1.9873e-02
 1.2461e+00  1.9447e-02
 1.2468e+00  1.9020e-02
 1.2475e+00  1.8594e-02
 1.2482e+00  1.8167e-02
 1.2489e+00  1.7740e-02
 1.2496e+00  1.7313e-02
 1.2503e+00  1.6887e-02
 1.2510e+00  1.6460e-02
 1.2517e+00  1.6034e-02
 1.2524e+00  1.5608e-02
 1.2531e+00  1.5183e-02
 1.2538e+00  1.4757e-02
 1.2545e+00  1.4333e-02
 1.2552e+00  1.3909e-02
 1.2559e+00  1.3485e-02
 1.2566e+00  1.3062e-02
 1.2573e+00  1.2640e-02
 1.2580e+00  1.2219e-02
 1.2587e+00  1.1798e-02
 1.2594e+00  1.1379e-02
 1.2601e+00  1.0960e-02
 1.2608e+00  1.0542e-02
 1.2615e+00  1.0126e-02
 1.2622e+00  9.7102e-03
 1.2629e+00  9.2959e-03
 1.2636e+00  8.8829e-03
 1.2643e+00  8.4711e-03
 1.2650e+00  8.0607e-03
 1.2657e+00  7.6516e-03
 1.2664e+00  7.2441e-03
 1.2671e+00  6.8380e-03
 1.2678e+00  6.4334e-03
 1.2685e+00  6.0305e-03
 1.2692e+00  5.6292e-03
 1.2699e+00  5.2296e-03
 1.2706e+00  4.8318e-03
 1.2713e+00  4.4358e-03
 1.2720e+00  4.0416e-03
 1.2727e+00  3.6493e-03
 1.2734e+00  3.2589e-03
 1.2741e+00  2.8706e-03
 1.2748e+00  2.4843e-03
 1.2755e+00  2.1000e-03
 1.2762e+00  1.7179e-03
 1.2769e+00  1.3380e-03
 1.2776e+00  9.6023e-04
 1.2783e+00  5.8475e-04
 1.2790e+00  2.1156e-04
 1.2797e+00  1.5928e-04
 1.2804e+00  5.2775e-04
 1.2811e+00  8.9379e-04
 1.2818e+00  1.2574e-03
 1.2825e+00  1.6185e-03
 1.2832e+00  1.9770e-03
 1.2839e+00  2.3330e-03
 1.2846e+00  2.6864e-03
 1.2853e+00  3.0371e-03
 1.2860e+00  3.3851e-03
 1.2867e+00  3.7304e-03
 1.2874e+00  4.0730e-03
 1.2881e+00  4.4128e-03
 1.2888e+00  4.7497e-03
 1.2895e+00  5.0838e-03
 1.2902e+00  5.4150e-03
 1.2909e+00  5.7434e-03
 1.2916e+00  6.0687e-03
 1.2923e+00  6.3911e-03
 1.2930e+00  6.7105e-03
 1.2937e+00  7.0268e-03
 1.2944e+00  7.3401e-03
 1.2951e+00  7.6503e-03
 1.2958e+00  7.9574e-03
 1.2965e+00  8.2613e-03
 1.2972e+00  8.5621e-03
 1.2979e+00  8.8597e-03
 1.2986e+00  9.1540e-03
 1.2993e+00  9.4452e-03
 1.3000e+00  9.7331e-03
 1.3007e+00  1.0018e-02
 1.3014e+00  1.0299e-02
 1.3021e+00  1.0577e-02
 1.3028e+00  1.0852e-02
 1.3035e+00  1.1123e-02
 1.3042e+00  1.1391e-02
 1.3049e+00  1.1655e-02
 1.3056e+00  1.1916e-02
 1.3063e+00  1.2174e-02
 1.3070e+00  1.2428e-02
 1.3077e+00  1.2679e-02
 1.3084e+00  1.2926e-02
 1.3091e+00  1.3170e-02
 1.3098e+00  1.3410e-02
 1.3105e+00  1.3647e-02
 1.3112e+00  1.3880e-02
 1.3119e+00  1.4109e-02
 1.3126e+00  1.4336e-02
 1.3133e+00  1.4558e-02
 1.3140e+00  1.4777e-02
 1.3147e+00  1.4992e-02
 1.3154e+00  1.5204e-02
 1.3161e+00  1.5412e-02
 1.3168e+00  1.5617e-02
 1.3175e+00  1.5818e-02
 1.3182e+00  1.6015e-02
 1.3189e+00  1.6209e-02
 1.3196e+00  1.6399e-02
 1.3203e+00  1.6586e-02
 1.3210e+00  1.6768e-02
 1.3217e+00  1.6948e-02
 1.3224e+00  1.7123e-02
 1.3231e+00  1.7295e-02
 1.3238e+00  1.7463e-02
 1.3245e+00  1.7628e-02
 1.3252e+00  1.7789e-02
 1.3259e+00  1.7946e-02
 1.3266e+00  1.8100e-02
 1.3273e+00  1.8250e-02
 1.3280e+00  1.8396e-02
 1.3287e+00  1.8539e-02
 1.3294e+00  1.8678e-02
 1.3301e+00  1.8814e-02
 1.3308e+00  1.8946e-02
 1.3315e+00  1.9074e-02
 1.3322e+00  1.9199e-02
 1.3329e+00  1.9320e-02
 1.3336e+00  1.9438e-02
 1.3343e+00  1.9551e-02
 1.3350e+00  1.9662e-02
 1.3357e+00  1.9769e-02
 1.3364e+00  1.9872e-02
 1.3371e+00  1.9971e-02
 1.3378e+00  2.0067e-02
 1.3385e+00  2.0160e-02
 1.3392e+00  2.0249e-02
 1.3399e+00  2.0335e-02
 1.3406e+00  2.0417e-02
 1.3413e+00  2.0495e-02
 1.3420e+00  2.0570e-02
 1.3427e+00  2.0642e-02
 1.3434e+00  2.0710e-02
 1.3441e+00  2.0775e-02
 1.3448e+00  2.0836e-02
 1.3455e+00  2.0894e-02
 1.3462e+00  2.0948e-02
 1.3469e+00  2.1000e-02
 1.3476e+00  2.1047e-02
 1.3483e+00  2.1092e-02
 1.3490e+00  2.1133e-02
 1.3497e+00  2.1171e-02
 1.3504e+00  2.1205e-02
 1.3511e+00  2.1236e-02
 1.3518e+00  2.1264e-02
 1.3525e+00  2.1289e-02
 1.3532e+00  2.1311e-02
 1.3539e+00  2.1329e-02
 1.3546e+00  2.1344e-02
 1.3553e+00  2.1356e-02
 1.3560e+00  2.1365e-02
 1.3567e+00  2.1371e-02
 1.3574e+00  2.1374e-02
 1.3581e+00  2.1373e-02
 1.3588e+00  2.1370e-02
 1.3595e+00  2.1363e-02
 1.3602e+00  2.1354e-02
 1.3609e+00  2.1341e-02
 1.3616e+00  2.1326e-02
 1.3623e+00  2.1308e-02
 1.3630e+00  2.1287e-02
 1.3637e+00  2.1263e-02
 1.3644e+00  2.1236e-02
 1.3651e+00  2.1206e-02
 1.3658e+00  2.1173e-02
 1.3665e+00  2.1138e-02
 1.3672e+00  2.1100e-02
 1.3679e+00  2.1059e-02
 1.3686e+00  2.1015e-02
 1.3693e+00  2.0969e-02
 1.3700e+00  2.0920e-02
 1.3707e+00  2.0869e-02
 1.3714e+00  2.0815e-02
 1.3721e+00  2.0758e-02
 1.3728e+00  2.0699e-02
 1.3735e+00  2.0637e-02
 1.3742e+00  2.0573e-02
 1.3749e+00  2.0507e-02
 1.3756e+00  2.0437e-02
 1.3763e+00  2.0366e-02
 1.3770e+00  2.0292e-02
 1.3777e+00  2.0216e-02
 1.3784e+00  2.0138e-02
 1.3791e+00  2.0057e-02
 1.3798e+00  1.9974e-02
 1.3805e+00  1.9889e-02
 1.3812e+00  1.9801e-02
 1.3819e+00  1.9711e-02
 1.3826e+00  1.9620e-02
 1.3833e+00  1.9526e-02
 1.3840e+00  1.9430e-02
 1.3847e+00  1.9332e-02
 1.3854e+00  1.9232e-02
 1.3861e+00  1.9130e-02
 1.3868e+00  1.9026e-02
 1.3875e+00  1.8920e-02
 1.3882e+00  1.8813e-02
 1.3889e+00  1.8703e-02
 1.3896e+00  1.8592e-02
 1.3903e+00  1.8478e-02
 1.3910e+00  1.8363e-02
 1.3917e+00  1.8247e-02
 1.3924e+00  1.8128e-02
 1.3931e+00  1.8008e-02
 1.3938e+00  1.7886e-02
 1.3945e+00  1.7763e-02
 1.3952e+00  1.7638e-02
 1.3959e+00  1.7511e-02
 1.3966e+00  1.7383e-02
 1.3973e+00  1.7254e-02
 1.3980e+00  1.7123e-02
 1.3987e+00  1.6990e-02
