-3.2450e+01  3.3300e-01
-3.2418e+01  3.3300e-01
-3.2385e+01  3.3300e-01
-3.2353e+01  3.3300e-01
-3.2320e+01  3.3300e-01
-3.2288e+01  3.3300e-01
-3.2255e+01  3.3300e-01
-3.2223e+01  3.3300e-01
-3.2190e+01  3.3300e-01
-3.2158e+01  3.3300e-01
-3.2126e+01  3.3300e-01
-3.2093e+01  3.3300e-01
-3.2061e+01  3.3300e-01
-3.2028e+01  3.3300e-01
-3.1996e+01  3.3300e-01
-3.1963e+01  3.3300e-01
-3.1931e+01  3.3300e-01
-3.1898e+01  3.3300e-01
-3.1866e+01  3.3300e-01
-3.1833e+01  3.3300e-01
-3.1801e+01  3.3300e-01
-3.1769e+01  3.3300e-01
-3.1736e+01  3.3300e-01
-3.1704e+01  3.3300e-01
-3.1671e+01  3.3300e-01
-3.1639e+01  3.3300e-01
-3.1606e+01  3.3300e-01
-3.1574e+01  3.3300e-01
-3.1541e+01  3.3300e-01
-3.1509e+01  3.3300e-01
-3.1477e+01  3.3300e-01
-3.1444e+01  3.3300e-01
-3.1412e+01  3.3300e-01
-3.1379e+01  3.3300e-01
-3.1347e+01  3.3300e-01
-3.1314e+01  3.3300e-01
-3.1282e+01  3.3300e-01
-3.1249e+01  3.3300e-01
-3.1217e+01  3.3300e-01
-3.1184e+01  3.3300e-01
-3.1152e+01  3.3300e-01
-3.1120e+01  3.3300e-01
-3.1087e+01  3.3300e-01
-3.1055e+01  3.3300e-01
-3.1022e+01  3.3300e-01
-3.0990e+01  3.3300e-01
-3.0957e+01  3.3300e-01
-3.0925e+01  3.3300e-01
-3.0892e+01  3.3300e-01
-3.0860e+01  3.3300e-01
-3.0828e+01  3.3300e-01
-3.0795e+01  3.3300e-01
-3.0763e+01  3.3300e-01
-3.0730e+01  3.3300e-01
-3.0698e+01  3.3300e-01
-3.0665e+01  3.3300e-01
-3.0633e+01  3.3300e-01
-3.0600e+01  3.3300e-01
-3.0568e+01  3.3300e-01
-3.0535e+01  3.3300e-01
-3.0503e+01  3.3300e-01
-3.0471e+01  3.3300e-01
-3.0438e+01  3.3300e-01
-3.0406e+01  3.3300e-01
-3.0373e+01  3.3300e-01
-3.0341e+01  3.3300e-01
-3.0308e+01  3.3300e-01
-3.0276e+01  3.3300e-01
-3.0243e+01  3.3300e-01
-3.0211e+01  3.3300e-01
-3.0179e+01  3.3300e-01
-3.0146e+01  3.3300e-01
-3.0114e+01  3.3300e-01
-3.0081e+01  3.3300e-01
-3.0049e+01  3.3300e-01
-3.0016e+01  3.3300e-01
-2.9984e+01  3.3300e-01
-2.9951e+01  3.3300e-01
-2.9919e+01  3.3300e-01
-2.9886e+01  3.3300e-01
-2.9854e+01  3.3300e-01
-2.9822e+01  3.3300e-01
-2.9789e+01  3.3300e-01
-2.9757e+01  3.3300e-01
-2.9724e+01  3.3300e-01
-2.9692e+01  3.3300e-01
-2.9659e+01  3.3300e-01
-2.9627e+01  3.3300e-01
-2.9594e+01  3.3300e-01
-2.9562e+01  3.3300e-01
-2.9530e+01  3.3300e-01
-2.9497e+01  3.3300e-01
-2.9465e+01  3.3300e-01
-2.9432e+01  3.3300e-01
-2.9400e+01  3.3300e-01
-2.9367e+01  3.3300e-01
-2.9335e+01  3.3300e-01
-2.9302e+01  3.3300e-01
-2.9270e+01  3.3300e-01
-2.9237e+01  3.3300e-01
-2.9205e+01  3.3300e-01
-2.9173e+01  3.3300e-01
-2.9140e+01  3.3300e-01
-2.9108e+01  3.3300e-01
-2.9075e+01  3.3300e-01
-2.9043e+01  3.3300e-01
-2.9010e+01  3.3300e-01
-2.8978e+01  3.3300e-01
-2.8945e+01  3.3300e-01
-2.8913e+01  3.3300e-01
-2.8881e+01  3.3300e-01
-2.8848e+01  3.3300e-01
-2.8816e+01  3.3300e-01
-2.8783e+01  3.3300e-01
-2.8751e+01  3.3300e-01
-2.8718e+01  3.3300e-01
-2.8686e+01  3.3300e-01
-2.8653e+01  3.3300e-01
-2.8621e+01  3.3300e-01
-2.8588e+01  3.3300e-01
-2.8556e+01  3.3300e-01
-2.8524e+01  3.3300e-01
-2.8491e+01  3.3300e-01
-2.8459e+01  3.3300e-01
-2.8426e+01  3.3300e-01
-2.8394e+01  3.3300e-01
-2.8361e+01  3.3300e-01
-2.8329e+01  3.3300e-01
-2.8296e+01  3.3300e-01
-2.8264e+01  3.3300e-01
-2.8232e+01  3.3300e-01
-2.8199e+01  3.3300e-01
-2.8167e+01  3.3300e-01
-2.8134e+01  3.3300e-01
-2.8102e+01  3.3300e-01
-2.8069e+01  3.3300e-01
-2.8037e+01  3.3300e-01
-2.8004e+01  3.3300e-01
-2.7972e+01  3.3300e-01
-2.7939e+01  3.3300e-01
-2.7907e+01  3.3300e-01
-2.7875e+01  3.3300e-01
-2.7842e+01  3.3300e-01
-2.7810e+01  3.3300e-01
-2.7777e+01  3.3300e-01
-2.7745e+01  3.3300e-01
-2.7712e+01  3.3300e-01
-2.7680e+01  3.3300e-01
-2.7647e+01  3.3300e-01
-2.7615e+01  3.3300e-01
-2.7583e+01  3.3300e-01
-2.7550e+01  3.3300e-01
-2.7518e+01  3.3300e-01
-2.7485e+01  3.3300e-01
-2.7453e+01  3.3300e-01
-2.7420e+01  3.3300e-01
-2.7388e+01  3.3301e-01
-2.7355e+01  3.3301e-01
-2.7323e+01  3.3301e-01
-2.7290e+01  3.3301e-01
-2.7258e+01  3.3301e-01
-2.7226e+01  3.3301e-01
-2.7193e+01  3.3301e-01
-2.7161e+01  3.3301e-01
-2.7128e+01  3.3301e-01
-2.7096e+01  3.3301e-01
-2.7063e+01  3.3301e-01
-2.7031e+01  3.3301e-01
-2.6998e+01  3.3301e-01
-2.6966e+01  3.3301e-01
-2.6934e+01  3.3301e-01
-2.6901e+01  3.3301e-01
-2.6869e+01  3.3301e-01
-2.6836e+01  3.3302e-01
-2.6804e+01  3.3302e-01
-2.6771e+01  3.3302e-01
-2.6739e+01  3.3302e-01
-2.6706e+01  3.3302e-01
-2.6674e+01  3.3302e-01
-2.6641e+01  3.3302e-01
-2.6609e+01  3.3302e-01
-2.6577e+01  3.3303e-01
-2.6544e+01  3.3303e-01
-2.6512e+01  3.3303e-01
-2.6479e+01  3.3303e-01
-2.6447e+01  3.3303e-01
-2.6414e+01  3.3303e-01
-2.6382e+01  3.3304e-01
-2.6349e+01  3.3304e-01
-2.6317e+01  3.3304e-01
-2.6285e+01  3.3304e-01
-2.6252e+01  3.3305e-01
-2.6220e+01  3.3305e-01
-2.6187e+01  3.3305e-01
-2.6155e+01  3.3305e-01
-2.6122e+01  3.3306e-01
-2.6090e+01  3.3306e-01
-2.6057e+01  3.3306e-01
-2.6025e+01  3.3307e-01
-2.5992e+01  3.3307e-01
-2.5960e+01  3.3308e-01
-2.5928e+01  3.3308e-01
-2.5895e+01  3.3309e-01
-2.5863e+01  3.3309e-01
-2.5830e+01  3.3310e-01
-2.5798e+01  3.3310e-01
-2.5765e+01  3.3311e-01
-2.5733e+01  3.3311e-01
-2.5700e+01  3.3312e-01
-2.5668e+01  3.3313e-01
-2.5636e+01  3.3313e-01
-2.5603e+01  3.3314e-01
-2.5571e+01  3.3315e-01
-2.5538e+01  3.3316e-01
-2.5506e+01  3.3317e-01
-2.5473e+01  3.3317e-01
-2.5441e+01  3.3318e-01
-2.5408e+01  3.3319e-01
-2.5376e+01  3.3320e-01
-2.5343e+01  3.3321e-01
-2.5311e+01  3.3323e-01
-2.5279e+01  3.3324e-01
-2.5246e+01  3.3325e-01
-2.5214e+01  3.3326e-01
-2.5181e+01  3.3328e-01
-2.5149e+01  3.3329e-01
-2.5116e+01  3.3331e-01
-2.5084e+01  3.3332e-01
-2.5051e+01  3.3334e-01
-2.5019e+01  3.3336e-01
-2.4987e+01  3.3337e-01
-2.4954e+01  3.3339e-01
-2.4922e+01  3.3341e-01
-2.4889e+01  3.3343e-01
-2.4857e+01  3.3345e-01
-2.4824e+01  3.3348e-01
-2.4792e+01  3.3350e-01
-2.4759e+01  3.3352e-01
-2.4727e+01  3.3355e-01
-2.4694e+01  3.3358e-01
-2.4662e+01  3.3360e-01
-2.4630e+01  3.3363e-01
-2.4597e+01  3.3366e-01
-2.4565e+01  3.3370e-01
-2.4532e+01  3.3373e-01
-2.4500e+01  3.3376e-01
-2.4467e+01  3.3380e-01
-2.4435e+01  3.3383e-01
-2.4402e+01  3.3387e-01
-2.4370e+01  3.3391e-01
-2.4338e+01  3.3396e-01
-2.4305e+01  3.3400e-01
-2.4273e+01  3.3404e-01
-2.4240e+01  3.3409e-01
-2.4208e+01  3.3414e-01
-2.4175e+01  3.3419e-01
-2.4143e+01  3.3424e-01
-2.4110e+01  3.3430e-01
-2.4078e+01  3.3435e-01
-2.4045e+01  3.3441e-01
-2.4013e+01  3.3448e-01
-2.3981e+01  3.3454e-01
-2.3948e+01  3.3460e-01
-2.3916e+01  3.3467e-01
-2.3883e+01  3.3474e-01
-2.3851e+01  3.3482e-01
-2.3818e+01  3.3489e-01
-2.3786e+01  3.3497e-01
-2.3753e+01  3.3505e-01
-2.3721e+01  3.3514e-01
-2.3689e+01  3.3523e-01
-2.3656e+01  3.3532e-01
-2.3624e+01  3.3541e-01
-2.3591e+01  3.3551e-01
-2.3559e+01  3.3561e-01
-2.3526e+01  3.3571e-01
-2.3494e+01  3.3582e-01
-2.3461e+01  3.3593e-01
-2.3429e+01  3.3604e-01
-2.3396e+01  3.3616e-01
-2.3364e+01  3.3628e-01
-2.3332e+01  3.3641e-01
-2.3299e+01  3.3654e-01
-2.3267e+01  3.3667e-01
-2.3234e+01  3.3681e-01
-2.3202e+01  3.3695e-01
-2.3169e+01  3.3710e-01
-2.3137e+01  3.3725e-01
-2.3104e+01  3.3740e-01
-2.3072e+01  3.3756e-01
-2.3040e+01  3.3773e-01
-2.3007e+01  3.3790e-01
-2.2975e+01  3.3807e-01
-2.2942e+01  3.3825e-01
-2.2910e+01  3.3844e-01
-2.2877e+01  3.3863e-01
-2.2845e+01  3.3882e-01
-2.2812e+01  3.3902e-01
-2.2780e+01  3.3923e-01
-2.2747e+01  3.3944e-01
-2.2715e+01  3.3966e-01
-2.2683e+01  3.3988e-01
-2.2650e+01  3.4011e-01
-2.2618e+01  3.4034e-01
-2.2585e+01  3.4059e-01
-2.2553e+01  3.4083e-01
-2.2520e+01  3.4108e-01
-2.2488e+01  3.4134e-01
-2.2455e+01  3.4161e-01
-2.2423e+01  3.4188e-01
-2.2391e+01  3.4216e-01
-2.2358e+01  3.4245e-01
-2.2326e+01  3.4274e-01
-2.2293e+01  3.4304e-01
-2.2261e+01  3.4334e-01
-2.2228e+01  3.4365e-01
-2.2196e+01  3.4397e-01
-2.2163e+01  3.4430e-01
-2.2131e+01  3.4463e-01
-2.2098e+01  3.4497e-01
-2.2066e+01  3.4532e-01
-2.2034e+01  3.4567e-01
-2.2001e+01  3.4603e-01
-2.1969e+01  3.4640e-01
-2.1936e+01  3.4677e-01
-2.1904e+01  3.4716e-01
-2.1871e+01  3.4755e-01
-2.1839e+01  3.4795e-01
-2.1806e+01  3.4835e-01
-2.1774e+01  3.4876e-01
-2.1742e+01  3.4918e-01
-2.1709e+01  3.4961e-01
-2.1677e+01  3.5004e-01
-2.1644e+01  3.5048e-01
-2.1612e+01  3.5093e-01
-2.1579e+01  3.5139e-01
-2.1547e+01  3.5185e-01
-2.1514e+01  3.5232e-01
-2.1482e+01  3.5280e-01
-2.1449e+01  3.5329e-01
-2.1417e+01  3.5378e-01
-2.1385e+01  3.5428e-01
-2.1352e+01  3.5478e-01
-2.1320e+01  3.5530e-01
-2.1287e+01  3.5582e-01
-2.1255e+01  3.5634e-01
-2.1222e+01  3.5688e-01
-2.1190e+01  3.5742e-01
-2.1157e+01  3.5796e-01
-2.1125e+01  3.5852e-01
-2.1093e+01  3.5908e-01
-2.1060e+01  3.5964e-01
-2.1028e+01  3.6021e-01
-2.0995e+01  3.6079e-01
-2.0963e+01  3.6137e-01
-2.0930e+01  3.6196e-01
-2.0898e+01  3.6255e-01
-2.0865e+01  3.6315e-01
-2.0833e+01  3.6376e-01
-2.0800e+01  3.6437e-01
-2.0768e+01  3.6498e-01
-2.0736e+01  3.6560e-01
-2.0703e+01  3.6623e-01
-2.0671e+01  3.6685e-01
-2.0638e+01  3.6748e-01
-2.0606e+01  3.6812e-01
-2.0573e+01  3.6876e-01
-2.0541e+01  3.6940e-01
-2.0508e+01  3.7005e-01
-2.0476e+01  3.7070e-01
-2.0444e+01  3.7135e-01
-2.0411e+01  3.7200e-01
-2.0379e+01  3.7266e-01
-2.0346e+01  3.7331e-01
-2.0314e+01  3.7397e-01
-2.0281e+01  3.7464e-01
-2.0249e+01  3.7530e-01
-2.0216e+01  3.7596e-01
-2.0184e+01  3.7662e-01
-2.0151e+01  3.7729e-01
-2.0119e+01  3.7795e-01
-2.0087e+01  3.7862e-01
-2.0054e+01  3.7928e-01
-2.0022e+01  3.7994e-01
-1.9989e+01  3.8060e-01
-1.9957e+01  3.8126e-01
-1.9924e+01  3.8192e-01
-1.9892e+01  3.8257e-01
-1.9859e+01  3.8323e-01
-1.9827e+01  3.8388e-01
-1.9795e+01  3.8453e-01
-1.9762e+01  3.8517e-01
-1.9730e+01  3.8581e-01
-1.9697e+01  3.8645e-01
-1.9665e+01  3.8708e-01
-1.9632e+01  3.8771e-01
-1.9600e+01  3.8833e-01
-1.9567e+01  3.8895e-01
-1.9535e+01  3.8957e-01
-1.9502e+01  3.9017e-01
-1.9470e+01  3.9078e-01
-1.9438e+01  3.9137e-01
-1.9405e+01  3.9196e-01
-1.9373e+01  3.9254e-01
-1.9340e+01  3.9311e-01
-1.9308e+01  3.9368e-01
-1.9275e+01  3.9424e-01
-1.9243e+01  3.9479e-01
-1.9210e+01  3.9533e-01
-1.9178e+01  3.9587e-01
-1.9146e+01  3.9639e-01
-1.9113e+01  3.9691e-01
-1.9081e+01  3.9742e-01
-1.9048e+01  3.9791e-01
-1.9016e+01  3.9840e-01
-1.8983e+01  3.9888e-01
-1.8951e+01  3.9935e-01
-1.8918e+01  3.9980e-01
-1.8886e+01  4.0025e-01
-1.8853e+01  4.0068e-01
-1.8821e+01  4.0111e-01
-1.8789e+01  4.0152e-01
-1.8756e+01  4.0192e-01
-1.8724e+01  4.0231e-01
-1.8691e+01  4.0269e-01
-1.8659e+01  4.0305e-01
-1.8626e+01  4.0341e-01
-1.8594e+01  4.0375e-01
-1.8561e+01  4.0408e-01
-1.8529e+01  4.0439e-01
-1.8497e+01  4.0470e-01
-1.8464e+01  4.0499e-01
-1.8432e+01  4.0527e-01
-1.8399e+01  4.0553e-01
-1.8367e+01  4.0578e-01
-1.8334e+01  4.0602e-01
-1.8302e+01  4.0625e-01
-1.8269e+01  4.0647e-01
-1.8237e+01  4.0667e-01
-1.8204e+01  4.0685e-01
-1.8172e+01  4.0703e-01
-1.8140e+01  4.0719e-01
-1.8107e+01  4.0734e-01
-1.8075e+01  4.0748e-01
-1.8042e+01  4.0760e-01
-1.8010e+01  4.0771e-01
-1.7977e+01  4.0781e-01
-1.7945e+01  4.0789e-01
-1.7912e+01  4.0796e-01
-1.7880e+01  4.0802e-01
-1.7848e+01  4.0807e-01
-1.7815e+01  4.0810e-01
-1.7783e+01  4.0812e-01
-1.7750e+01  4.0813e-01
-1.7718e+01  4.0813e-01
-1.7685e+01  4.0812e-01
-1.7653e+01  4.0809e-01
-1.7620e+01  4.0805e-01
-1.7588e+01  4.0800e-01
-1.7555e+01  4.0794e-01
-1.7523e+01  4.0787e-01
-1.7491e+01  4.0779e-01
-1.7458e+01  4.0770e-01
-1.7426e+01  4.0759e-01
-1.7393e+01  4.0748e-01
-1.7361e+01  4.0736e-01
-1.7328e+01  4.0722e-01
-1.7296e+01  4.0708e-01
-1.7263e+01  4.0693e-01
-1.7231e+01  4.0676e-01
-1.7199e+01  4.0659e-01
-1.7166e+01  4.0641e-01
-1.7134e+01  4.0622e-01
-1.7101e+01  4.0603e-01
-1.7069e+01  4.0582e-01
-1.7036e+01  4.0561e-01
-1.7004e+01  4.0539e-01
-1.6971e+01  4.0516e-01
-1.6939e+01  4.0492e-01
-1.6906e+01  4.0468e-01
-1.6874e+01  4.0443e-01
-1.6842e+01  4.0418e-01
-1.6809e+01  4.0392e-01
-1.6777e+01  4.0365e-01
-1.6744e+01  4.0337e-01
-1.6712e+01  4.0309e-01
-1.6679e+01  4.0281e-01
-1.6647e+01  4.0252e-01
-1.6614e+01  4.0222e-01
-1.6582e+01  4.0193e-01
-1.6550e+01  4.0162e-01
-1.6517e+01  4.0131e-01
-1.6485e+01  4.0100e-01
-1.6452e+01  4.0068e-01
-1.6420e+01  4.0036e-01
-1.6387e+01  4.0004e-01
-1.6355e+01  3.9971e-01
-1.6322e+01  3.9938e-01
-1.6290e+01  3.9905e-01
-1.6257e+01  3.9871e-01
-1.6225e+01  3.9837e-01
-1.6193e+01  3.9803e-01
-1.6160e+01  3.9768e-01
-1.6128e+01  3.9734e-01
-1.6095e+01  3.9699e-01
-1.6063e+01  3.9664e-01
-1.6030e+01  3.9628e-01
-1.5998e+01  3.9593e-01
-1.5965e+01  3.9557e-01
-1.5933e+01  3.9521e-01
-1.5901e+01  3.9485e-01
-1.5868e+01  3.9448e-01
-1.5836e+01  3.9412e-01
-1.5803e+01  3.9375e-01
-1.5771e+01  3.9338e-01
-1.5738e+01  3.9301e-01
-1.5706e+01  3.9264e-01
-1.5673e+01  3.9227e-01
-1.5641e+01  3.9189e-01
-1.5608e+01  3.9152e-01
-1.5576e+01  3.9114e-01
-1.5544e+01  3.9076e-01
-1.5511e+01  3.9038e-01
-1.5479e+01  3.8999e-01
-1.5446e+01  3.8961e-01
-1.5414e+01  3.8922e-01
-1.5381e+01  3.8883e-01
-1.5349e+01  3.8844e-01
-1.5316e+01  3.8805e-01
-1.5284e+01  3.8765e-01
-1.5252e+01  3.8726e-01
-1.5219e+01  3.8686e-01
-1.5187e+01  3.8645e-01
-1.5154e+01  3.8605e-01
-1.5122e+01  3.8564e-01
-1.5089e+01  3.8523e-01
-1.5057e+01  3.8482e-01
-1.5024e+01  3.8440e-01
-1.4992e+01  3.8398e-01
-1.4959e+01  3.8356e-01
-1.4927e+01  3.8313e-01
-1.4895e+01  3.8270e-01
-1.4862e+01  3.8227e-01
-1.4830e+01  3.8183e-01
-1.4797e+01  3.8139e-01
-1.4765e+01  3.8094e-01
-1.4732e+01  3.8049e-01
-1.4700e+01  3.8003e-01
-1.4667e+01  3.7957e-01
-1.4635e+01  3.7911e-01
-1.4603e+01  3.7864e-01
-1.4570e+01  3.7816e-01
-1.4538e+01  3.7768e-01
-1.4505e+01  3.7720e-01
-1.4473e+01  3.7671e-01
-1.4440e+01  3.7621e-01
-1.4408e+01  3.7571e-01
-1.4375e+01  3.7520e-01
-1.4343e+01  3.7468e-01
-1.4310e+01  3.7416e-01
-1.4278e+01  3.7363e-01
-1.4246e+01  3.7310e-01
-1.4213e+01  3.7256e-01
-1.4181e+01  3.7201e-01
-1.4148e+01  3.7146e-01
-1.4116e+01  3.7090e-01
-1.4083e+01  3.7033e-01
-1.4051e+01  3.6975e-01
-1.4018e+01  3.6917e-01
-1.3986e+01  3.6858e-01
-1.3954e+01  3.6798e-01
-1.3921e+01  3.6738e-01
-1.3889e+01  3.6677e-01
-1.3856e+01  3.6615e-01
-1.3824e+01  3.6552e-01
-1.3791e+01  3.6489e-01
-1.3759e+01  3.6424e-01
-1.3726e+01  3.6359e-01
-1.3694e+01  3.6294e-01
-1.3661e+01  3.6227e-01
-1.3629e+01  3.6160e-01
-1.3597e+01  3.6092e-01
-1.3564e+01  3.6023e-01
-1.3532e+01  3.5953e-01
-1.3499e+01  3.5883e-01
-1.3467e+01  3.5812e-01
-1.3434e+01  3.5740e-01
-1.3402e+01  3.5667e-01
-1.3369e+01  3.5594e-01
-1.3337e+01  3.5520e-01
-1.3305e+01  3.5445e-01
-1.3272e+01  3.5370e-01
-1.3240e+01  3.5293e-01
-1.3207e+01  3.5216e-01
-1.3175e+01  3.5139e-01
-1.3142e+01  3.5061e-01
-1.3110e+01  3.4982e-01
-1.3077e+01  3.4902e-01
-1.3045e+01  3.4822e-01
-1.3012e+01  3.4741e-01
-1.2980e+01  3.4660e-01
-1.2948e+01  3.4578e-01
-1.2915e+01  3.4495e-01
-1.2883e+01  3.4412e-01
-1.2850e+01  3.4329e-01
-1.2818e+01  3.4245e-01
-1.2785e+01  3.4160e-01
-1.2753e+01  3.4075e-01
-1.2720e+01  3.3989e-01
-1.2688e+01  3.3903e-01
-1.2656e+01  3.3817e-01
-1.2623e+01  3.3730e-01
-1.2591e+01  3.3643e-01
-1.2558e+01  3.3555e-01
-1.2526e+01  3.3467e-01
-1.2493e+01  3.3379e-01
-1.2461e+01  3.3291e-01
-1.2428e+01  3.3202e-01
-1.2396e+01  3.3113e-01
-1.2363e+01  3.3024e-01
-1.2331e+01  3.2934e-01
-1.2299e+01  3.2845e-01
-1.2266e+01  3.2755e-01
-1.2234e+01  3.2665e-01
-1.2201e+01  3.2575e-01
-1.2169e+01  3.2485e-01
-1.2136e+01  3.2395e-01
-1.2104e+01  3.2305e-01
-1.2071e+01  3.2215e-01
-1.2039e+01  3.2125e-01
-1.2007e+01  3.2035e-01
-1.1974e+01  3.1944e-01
-1.1942e+01  3.1854e-01
-1.1909e+01  3.1765e-01
-1.1877e+01  3.1675e-01
-1.1844e+01  3.1585e-01
-1.1812e+01  3.1496e-01
-1.1779e+01  3.1406e-01
-1.1747e+01  3.1317e-01
-1.1714e+01  3.1228e-01
-1.1682e+01  3.1140e-01
-1.1650e+01  3.1051e-01
-1.1617e+01  3.0963e-01
-1.1585e+01  3.0875e-01
-1.1552e+01  3.0788e-01
-1.1520e+01  3.0700e-01
-1.1487e+01  3.0614e-01
-1.1455e+01  3.0527e-01
-1.1422e+01  3.0441e-01
-1.1390e+01  3.0355e-01
-1.1358e+01  3.0270e-01
-1.1325e+01  3.0185e-01
-1.1293e+01  3.0101e-01
-1.1260e+01  3.0017e-01
-1.1228e+01  2.9933e-01
-1.1195e+01  2.9850e-01
-1.1163e+01  2.9768e-01
-1.1130e+01  2.9686e-01
-1.1098e+01  2.9604e-01
-1.1065e+01  2.9523e-01
-1.1033e+01  2.9443e-01
-1.1001e+01  2.9363e-01
-1.0968e+01  2.9283e-01
-1.0936e+01  2.9204e-01
-1.0903e+01  2.9126e-01
-1.0871e+01  2.9048e-01
-1.0838e+01  2.8971e-01
-1.0806e+01  2.8895e-01
-1.0773e+01  2.8819e-01
-1.0741e+01  2.8744e-01
-1.0709e+01  2.8669e-01
-1.0676e+01  2.8595e-01
-1.0644e+01  2.8521e-01
-1.0611e+01  2.8448e-01
-1.0579e+01  2.8376e-01
-1.0546e+01  2.8304e-01
-1.0514e+01  2.8233e-01
-1.0481e+01  2.8163e-01
-1.0449e+01  2.8093e-01
-1.0416e+01  2.8024e-01
-1.0384e+01  2.7955e-01
-1.0352e+01  2.7887e-01
-1.0319e+01  2.7820e-01
-1.0287e+01  2.7753e-01
-1.0254e+01  2.7687e-01
-1.0222e+01  2.7621e-01
-1.0189e+01  2.7556e-01
-1.0157e+01  2.7492e-01
-1.0124e+01  2.7428e-01
-1.0092e+01  2.7365e-01
-1.0060e+01  2.7303e-01
-1.0027e+01  2.7241e-01
-9.9946e+00  2.7179e-01
-9.9622e+00  2.7119e-01
-9.9297e+00  2.7058e-01
-9.8973e+00  2.6999e-01
-9.8648e+00  2.6940e-01
-9.8324e+00  2.6881e-01
-9.7999e+00  2.6823e-01
-9.7675e+00  2.6766e-01
-9.7350e+00  2.6709e-01
-9.7026e+00  2.6652e-01
-9.6701e+00  2.6597e-01
-9.6377e+00  2.6541e-01
-9.6052e+00  2.6487e-01
-9.5728e+00  2.6432e-01
-9.5403e+00  2.6379e-01
-9.5079e+00  2.6325e-01
-9.4754e+00  2.6272e-01
-9.4430e+00  2.6220e-01
-9.4105e+00  2.6168e-01
-9.3781e+00  2.6117e-01
-9.3456e+00  2.6066e-01
-9.3132e+00  2.6016e-01
-9.2807e+00  2.5966e-01
-9.2483e+00  2.5916e-01
-9.2158e+00  2.5867e-01
-9.1834e+00  2.5818e-01
-9.1509e+00  2.5770e-01
-9.1185e+00  2.5722e-01
-9.0860e+00  2.5674e-01
-9.0536e+00  2.5627e-01
-9.0211e+00  2.5580e-01
-8.9887e+00  2.5534e-01
-8.9562e+00  2.5488e-01
-8.9238e+00  2.5442e-01
-8.8913e+00  2.5397e-01
-8.8588e+00  2.5352e-01
-8.8264e+00  2.5307e-01
-8.7939e+00  2.5263e-01
-8.7615e+00  2.5219e-01
-8.7290e+00  2.5175e-01
-8.6966e+00  2.5132e-01
-8.6641e+00  2.5089e-01
-8.6317e+00  2.5046e-01
-8.5992e+00  2.5004e-01
-8.5668e+00  2.4962e-01
-8.5343e+00  2.4920e-01
-8.5019e+00  2.4878e-01
-8.4694e+00  2.4837e-01
-8.4370e+00  2.4796e-01
-8.4045e+00  2.4755e-01
-8.3721e+00  2.4715e-01
-8.3396e+00  2.4675e-01
-8.3072e+00  2.4635e-01
-8.2747e+00  2.4595e-01
-8.2423e+00  2.4555e-01
-8.2098e+00  2.4516e-01
-8.1774e+00  2.4477e-01
-8.1449e+00  2.4438e-01
-8.1125e+00  2.4399e-01
-8.0800e+00  2.4361e-01
-8.0476e+00  2.4323e-01
-8.0151e+00  2.4285e-01
-7.9827e+00  2.4247e-01
-7.9502e+00  2.4209e-01
-7.9178e+00  2.4172e-01
-7.8853e+00  2.4135e-01
-7.8529e+00  2.4098e-01
-7.8204e+00  2.4061e-01
-7.7880e+00  2.4024e-01
-7.7555e+00  2.3988e-01
-7.7231e+00  2.3951e-01
-7.6906e+00  2.3915e-01
-7.6582e+00  2.3879e-01
-7.6257e+00  2.3843e-01
-7.5933e+00  2.3808e-01
-7.5608e+00  2.3772e-01
-7.5284e+00  2.3737e-01
-7.4959e+00  2.3702e-01
-7.4635e+00  2.3667e-01
-7.4310e+00  2.3632e-01
-7.3986e+00  2.3597e-01
-7.3661e+00  2.3562e-01
-7.3337e+00  2.3528e-01
-7.3012e+00  2.3494e-01
-7.2688e+00  2.3460e-01
-7.2363e+00  2.3426e-01
-7.2039e+00  2.3392e-01
-7.1714e+00  2.3358e-01
-7.1390e+00  2.3324e-01
-7.1065e+00  2.3291e-01
-7.0741e+00  2.3258e-01
-7.0416e+00  2.3224e-01
-7.0092e+00  2.3191e-01
-6.9767e+00  2.3158e-01
-6.9443e+00  2.3126e-01
-6.9118e+00  2.3093e-01
-6.8794e+00  2.3060e-01
-6.8469e+00  2.3028e-01
-6.8145e+00  2.2996e-01
-6.7820e+00  2.2963e-01
-6.7496e+00  2.2931e-01
-6.7171e+00  2.2899e-01
-6.6847e+00  2.2868e-01
-6.6522e+00  2.2836e-01
-6.6198e+00  2.2804e-01
-6.5873e+00  2.2773e-01
-6.5549e+00  2.2742e-01
-6.5224e+00  2.2710e-01
-6.4900e+00  2.2679e-01
-6.4575e+00  2.2648e-01
-6.4251e+00  2.2617e-01
-6.3926e+00  2.2587e-01
-6.3602e+00  2.2556e-01
-6.3277e+00  2.2525e-01
-6.2953e+00  2.2495e-01
-6.2628e+00  2.2465e-01
-6.2304e+00  2.2434e-01
-6.1979e+00  2.2404e-01
-6.1655e+00  2.2374e-01
-6.1330e+00  2.2344e-01
-6.1006e+00  2.2315e-01
-6.0681e+00  2.2285e-01
-6.0357e+00  2.2255e-01
-6.0032e+00  2.2226e-01
-5.9708e+00  2.2197e-01
-5.9383e+00  2.2167e-01
-5.9059e+00  2.2138e-01
-5.8734e+00  2.2109e-01
-5.8410e+00  2.2080e-01
-5.8085e+00  2.2051e-01
-5.7761e+00  2.2023e-01
-5.7436e+00  2.1994e-01
-5.7112e+00  2.1966e-01
-5.6787e+00  2.1937e-01
-5.6463e+00  2.1909e-01
-5.6138e+00  2.1881e-01
-5.5814e+00  2.1852e-01
-5.5489e+00  2.1824e-01
-5.5165e+00  2.1797e-01
-5.4840e+00  2.1769e-01
-5.4516e+00  2.1741e-01
-5.4191e+00  2.1713e-01
-5.3867e+00  2.1686e-01
-5.3542e+00  2.1658e-01
-5.3218e+00  2.1631e-01
-5.2893e+00  2.1604e-01
-5.2569e+00  2.1577e-01
-5.2244e+00  2.1550e-01
-5.1920e+00  2.1523e-01
-5.1595e+00  2.1496e-01
-5.1271e+00  2.1469e-01
-5.0946e+00  2.1442e-01
-5.0622e+00  2.1416e-01
-5.0297e+00  2.1389e-01
-4.9973e+00  2.1363e-01
-4.9648e+00  2.1336e-01
-4.9324e+00  2.1310e-01
-4.8999e+00  2.1284e-01
-4.8675e+00  2.1258e-01
-4.8350e+00  2.1232e-01
-4.8026e+00  2.1206e-01
-4.7701e+00  2.1180e-01
-4.7377e+00  2.1154e-01
-4.7052e+00  2.1129e-01
-4.6728e+00  2.1103e-01
-4.6403e+00  2.1078e-01
-4.6079e+00  2.1052e-01
-4.5754e+00  2.1027e-01
-4.5430e+00  2.1002e-01
-4.5105e+00  2.0976e-01
-4.4781e+00  2.0951e-01
-4.4456e+00  2.0926e-01
-4.4132e+00  2.0902e-01
-4.3807e+00  2.0877e-01
-4.3483e+00  2.0852e-01
-4.3158e+00  2.0827e-01
-4.2834e+00  2.0803e-01
-4.2509e+00  2.0778e-01
-4.2185e+00  2.0754e-01
-4.1860e+00  2.0730e-01
-4.1536e+00  2.0705e-01
-4.1211e+00  2.0681e-01
-4.0887e+00  2.0657e-01
-4.0562e+00  2.0633e-01
-4.0238e+00  2.0609e-01
-3.9913e+00  2.0586e-01
-3.9589e+00  2.0562e-01
-3.9264e+00  2.0538e-01
-3.8940e+00  2.0515e-01
-3.8615e+00  2.0491e-01
-3.8291e+00  2.0468e-01
-3.7966e+00  2.0444e-01
-3.7642e+00  2.0421e-01
-3.7317e+00  2.0398e-01
-3.6993e+00  2.0375e-01
-3.6668e+00  2.0352e-01
-3.6344e+00  2.0329e-01
-3.6019e+00  2.0307e-01
-3.5695e+00  2.0284e-01
-3.5370e+00  2.0261e-01
-3.5046e+00  2.0239e-01
-3.4721e+00  2.0217e-01
-3.4397e+00  2.0194e-01
-3.4072e+00  2.0172e-01
-3.3748e+00  2.0150e-01
-3.3423e+00  2.0128e-01
-3.3099e+00  2.0106e-01
-3.2774e+00  2.0085e-01
-3.2450e+00  2.0063e-01
-3.2125e+00  2.0041e-01
-3.1801e+00  2.0020e-01
-3.1476e+00  1.9999e-01
-3.1152e+00  1.9977e-01
-3.0827e+00  1.9956e-01
-3.0503e+00  1.9935e-01
-3.0178e+00  1.9914e-01
-2.9854e+00  1.9894e-01
-2.9529e+00  1.9873e-01
-2.9205e+00  1.9852e-01
-2.8880e+00  1.9832e-01
-2.8556e+00  1.9812e-01
-2.8231e+00  1.9792e-01
-2.7907e+00  1.9772e-01
-2.7582e+00  1.9752e-01
-2.7258e+00  1.9732e-01
-2.6933e+00  1.9712e-01
-2.6609e+00  1.9693e-01
-2.6284e+00  1.9673e-01
-2.5960e+00  1.9654e-01
-2.5636e+00  1.9635e-01
-2.5311e+00  1.9616e-01
-2.4987e+00  1.9598e-01
-2.4662e+00  1.9579e-01
-2.4338e+00  1.9560e-01
-2.4013e+00  1.9542e-01
-2.3689e+00  1.9524e-01
-2.3364e+00  1.9506e-01
-2.3040e+00  1.9488e-01
-2.2715e+00  1.9471e-01
-2.2391e+00  1.9453e-01
-2.2066e+00  1.9436e-01
-2.1742e+00  1.9419e-01
-2.1417e+00  1.9402e-01
-2.1093e+00  1.9385e-01
-2.0768e+00  1.9368e-01
-2.0444e+00  1.9352e-01
-2.0119e+00  1.9336e-01
-1.9795e+00  1.9320e-01
-1.9470e+00  1.9304e-01
-1.9146e+00  1.9288e-01
-1.8821e+00  1.9273e-01
-1.8497e+00  1.9258e-01
-1.8172e+00  1.9243e-01
-1.7848e+00  1.9228e-01
-1.7523e+00  1.9213e-01
-1.7199e+00  1.9199e-01
-1.6874e+00  1.9184e-01
-1.6550e+00  1.9170e-01
-1.6225e+00  1.9157e-01
-1.5901e+00  1.9143e-01
-1.5576e+00  1.9130e-01
-1.5252e+00  1.9117e-01
-1.4927e+00  1.9104e-01
-1.4603e+00  1.9091e-01
-1.4278e+00  1.9079e-01
-1.3954e+00  1.9067e-01
-1.3629e+00  1.9055e-01
-1.3305e+00  1.9043e-01
-1.2980e+00  1.9032e-01
-1.2656e+00  1.9021e-01
-1.2331e+00  1.9010e-01
-1.2007e+00  1.8999e-01
-1.1682e+00  1.8989e-01
-1.1358e+00  1.8978e-01
-1.1033e+00  1.8969e-01
-1.0708e+00  1.8959e-01
-1.0384e+00  1.8949e-01
-1.0059e+00  1.8940e-01
-9.7350e-01  1.8932e-01
-9.4105e-01  1.8923e-01
-9.0860e-01  1.8915e-01
-8.7615e-01  1.8907e-01
-8.4370e-01  1.8899e-01
-8.1125e-01  1.8891e-01
-7.7880e-01  1.8884e-01
-7.4635e-01  1.8877e-01
-7.1390e-01  1.8871e-01
-6.8145e-01  1.8864e-01
-6.4900e-01  1.8858e-01
-6.1655e-01  1.8852e-01
-5.8410e-01  1.8847e-01
-5.5165e-01  1.8842e-01
-5.1920e-01  1.8837e-01
-4.8675e-01  1.8832e-01
-4.5430e-01  1.8828e-01
-4.2185e-01  1.8824e-01
-3.8940e-01  1.8820e-01
-3.5695e-01  1.8817e-01
-3.2450e-01  1.8814e-01
-2.9205e-01  1.8811e-01
-2.5960e-01  1.8808e-01
-2.2715e-01  1.8806e-01
-1.9470e-01  1.8804e-01
-1.6225e-01  1.8802e-01
-1.2980e-01  1.8801e-01
-9.7350e-02  1.8800e-01
-6.4900e-02  1.8799e-01
-3.2450e-02  1.8799e-01
 0.0000e+00  1.8799e-01
 3.2450e-02  1.8799e-01
 6.4900e-02  1.8799e-01
 9.7350e-02  1.8800e-01
 1.2980e-01  1.8801e-01
 1.6225e-01  1.8802e-01
 1.9470e-01  1.8804e-01
 2.2715e-01  1.8806e-01
 2.5960e-01  1.8808e-01
 2.9205e-01  1.8811e-01
 3.2450e-01  1.8814e-01
 3.5695e-01  1.8817e-01
 3.8940e-01  1.8820e-01
 4.2185e-01  1.8824e-01
 4.5430e-01  1.8828e-01
 4.8675e-01  1.8832e-01
 5.1920e-01  1.8837e-01
 5.5165e-01  1.8842e-01
 5.8410e-01  1.8847e-01
 6.1655e-01  1.8852e-01
 6.4900e-01  1.8858e-01
 6.8145e-01  1.8864e-01
 7.1390e-01  1.8871e-01
 7.4635e-01  1.8877e-01
 7.7880e-01  1.8884e-01
 8.1125e-01  1.8891e-01
 8.4370e-01  1.8899e-01
 8.7615e-01  1.8907e-01
 9.0860e-01  1.8915e-01
 9.4105e-01  1.8923e-01
 9.7350e-01  1.8932e-01
 1.0059e+00  1.8940e-01
 1.0384e+00  1.8949e-01
 1.0708e+00  1.8959e-01
 1.1033e+00  1.8969e-01
 1.1358e+00  1.8978e-01
 1.1682e+00  1.8989e-01
 1.2007e+00  1.8999e-01
 1.2331e+00  1.9010e-01
 1.2656e+00  1.9021e-01
 1.2980e+00  1.9032e-01
 1.3305e+00  1.9043e-01
 1.3629e+00  1.9055e-01
 1.3954e+00  1.9067e-01
 1.4278e+00  1.9079e-01
 1.4603e+00  1.9091e-01
 1.4927e+00  1.9104e-01
 1.5252e+00  1.9117e-01
 1.5576e+00  1.9130e-01
 1.5901e+00  1.9143e-01
 1.6225e+00  1.9157e-01
 1.6550e+00  1.9170e-01
 1.6874e+00  1.9184e-01
 1.7199e+00  1.9199e-01
 1.7523e+00  1.9213e-01
 1.7848e+00  1.9228e-01
 1.8172e+00  1.9243e-01
 1.8497e+00  1.9258e-01
 1.8821e+00  1.9273e-01
 1.9146e+00  1.9288e-01
 1.9470e+00  1.9304e-01
 1.9795e+00  1.9320e-01
 2.0119e+00  1.9336e-01
 2.0444e+00  1.9352e-01
 2.0768e+00  1.9368e-01
 2.1093e+00  1.9385e-01
 2.1417e+00  1.9402e-01
 2.1742e+00  1.9419e-01
 2.2066e+00  1.9436e-01
 2.2391e+00  1.9453e-01
 2.2715e+00  1.9471e-01
 2.3040e+00  1.9488e-01
 2.3364e+00  1.9506e-01
 2.3689e+00  1.9524e-01
 2.4013e+00  1.9542e-01
 2.4338e+00  1.9560e-01
 2.4662e+00  1.9579e-01
 2.4987e+00  1.9598e-01
 2.5311e+00  1.9616e-01
 2.5636e+00  1.9635e-01
 2.5960e+00  1.9654e-01
 2.6284e+00  1.9673e-01
 2.6609e+00  1.9693e-01
 2.6933e+00  1.9712e-01
 2.7258e+00  1.9732e-01
 2.7582e+00  1.9752e-01
 2.7907e+00  1.9772e-01
 2.8231e+00  1.9792e-01
 2.8556e+00  1.9812e-01
 2.8880e+00  1.9832e-01
 2.9205e+00  1.9852e-01
 2.9529e+00  1.9873e-01
 2.9854e+00  1.9894e-01
 3.0178e+00  1.9914e-01
 3.0503e+00  1.9935e-01
 3.0827e+00  1.9956e-01
 3.1152e+00  1.9977e-01
 3.1476e+00  1.9999e-01
 3.1801e+00  2.0020e-01
 3.2125e+00  2.0041e-01
 3.2450e+00  2.0063e-01
 3.2774e+00  2.0085e-01
 3.3099e+00  2.0106e-01
 3.3423e+00  2.0128e-01
 3.3748e+00  2.0150e-01
 3.4072e+00  2.0172e-01
 3.4397e+00  2.0194e-01
 3.4721e+00  2.0217e-01
 3.5046e+00  2.0239e-01
 3.5370e+00  2.0261e-01
 3.5695e+00  2.0284e-01
 3.6019e+00  2.0307e-01
 3.6344e+00  2.0329e-01
 3.6668e+00  2.0352e-01
 3.6993e+00  2.0375e-01
 3.7317e+00  2.0398e-01
 3.7642e+00  2.0421e-01
 3.7966e+00  2.0444e-01
 3.8291e+00  2.0468e-01
 3.8615e+00  2.0491e-01
 3.8940e+00  2.0515e-01
 3.9264e+00  2.0538e-01
 3.9589e+00  2.0562e-01
 3.9913e+00  2.0586e-01
 4.0238e+00  2.0609e-01
 4.0562e+00  2.0633e-01
 4.0887e+00  2.0657e-01
 4.1211e+00  2.0681e-01
 4.1536e+00  2.0705e-01
 4.1860e+00  2.0730e-01
 4.2185e+00  2.0754e-01
 4.2509e+00  2.0778e-01
 4.2834e+00  2.0803e-01
 4.3158e+00  2.0827e-01
 4.3483e+00  2.0852e-01
 4.3807e+00  2.0877e-01
 4.4132e+00  2.0902e-01
 4.4456e+00  2.0926e-01
 4.4781e+00  2.0951e-01
 4.5105e+00  2.0976e-01
 4.5430e+00  2.1002e-01
 4.5754e+00  2.1027e-01
 4.6079e+00  2.1052e-01
 4.6403e+00  2.1078e-01
 4.6728e+00  2.1103e-01
 4.7052e+00  2.1129e-01
 4.7377e+00  2.1154e-01
 4.7701e+00  2.1180e-01
 4.8026e+00  2.1206e-01
 4.8350e+00  2.1232e-01
 4.8675e+00  2.1258e-01
 4.8999e+00  2.1284e-01
 4.9324e+00  2.1310e-01
 4.9648e+00  2.1336e-01
 4.9973e+00  2.1363e-01
 5.0297e+00  2.1389e-01
 5.0622e+00  2.1416e-01
 5.0946e+00  2.1442e-01
 5.1271e+00  2.1469e-01
 5.1595e+00  2.1496e-01
 5.1920e+00  2.1523e-01
 5.2244e+00  2.1550e-01
 5.2569e+00  2.1577e-01
 5.2893e+00  2.1604e-01
 5.3218e+00  2.1631e-01
 5.3542e+00  2.1658e-01
 5.3867e+00  2.1686e-01
 5.4191e+00  2.1713e-01
 5.4516e+00  2.1741e-01
 5.4840e+00  2.1769e-01
 5.5165e+00  2.1797e-01
 5.5489e+00  2.1824e-01
 5.5814e+00  2.1852e-01
 5.6138e+00  2.1881e-01
 5.6463e+00  2.1909e-01
 5.6787e+00  2.1937e-01
 5.7112e+00  2.1966e-01
 5.7436e+00  2.1994e-01
 5.7761e+00  2.2023e-01
 5.8085e+00  2.2051e-01
 5.8410e+00  2.2080e-01
 5.8734e+00  2.2109e-01
 5.9059e+00  2.2138e-01
 5.9383e+00  2.2167e-01
 5.9708e+00  2.2197e-01
 6.0032e+00  2.2226e-01
 6.0357e+00  2.2255e-01
 6.0681e+00  2.2285e-01
 6.1006e+00  2.2315e-01
 6.1330e+00  2.2344e-01
 6.1655e+00  2.2374e-01
 6.1979e+00  2.2404e-01
 6.2304e+00  2.2434e-01
 6.2628e+00  2.2465e-01
 6.2953e+00  2.2495e-01
 6.3277e+00  2.2525e-01
 6.3602e+00  2.2556e-01
 6.3926e+00  2.2587e-01
 6.4251e+00  2.2617e-01
 6.4575e+00  2.2648e-01
 6.4900e+00  2.2679e-01
 6.5224e+00  2.2710e-01
 6.5549e+00  2.2742e-01
 6.5873e+00  2.2773e-01
 6.6198e+00  2.2804e-01
 6.6522e+00  2.2836e-01
 6.6847e+00  2.2868e-01
 6.7171e+00  2.2899e-01
 6.7496e+00  2.2931e-01
 6.7820e+00  2.2963e-01
 6.8145e+00  2.2996e-01
 6.8469e+00  2.3028e-01
 6.8794e+00  2.3060e-01
 6.9118e+00  2.3093e-01
 6.9443e+00  2.3126e-01
 6.9767e+00  2.3158e-01
 7.0092e+00  2.3191e-01
 7.0416e+00  2.3224e-01
 7.0741e+00  2.3258e-01
 7.1065e+00  2.3291e-01
 7.1390e+00  2.3324e-01
 7.1714e+00  2.3358e-01
 7.2039e+00  2.3392e-01
 7.2363e+00  2.3426e-01
 7.2688e+00  2.3460e-01
 7.3012e+00  2.3494e-01
 7.3337e+00  2.3528e-01
 7.3661e+00  2.3562e-01
 7.3986e+00  2.3597e-01
 7.4310e+00  2.3632e-01
 7.4635e+00  2.3667e-01
 7.4959e+00  2.3702e-01
 7.5284e+00  2.3737e-01
 7.5608e+00  2.3772e-01
 7.5933e+00  2.3808e-01
 7.6257e+00  2.3843e-01
 7.6582e+00  2.3879e-01
 7.6906e+00  2.3915e-01
 7.7231e+00  2.3951e-01
 7.7555e+00  2.3988e-01
 7.7880e+00  2.4024e-01
 7.8204e+00  2.4061e-01
 7.8529e+00  2.4098e-01
 7.8853e+00  2.4135e-01
 7.9178e+00  2.4172e-01
 7.9502e+00  2.4209e-01
 7.9827e+00  2.4247e-01
 8.0151e+00  2.4285e-01
 8.0476e+00  2.4323e-01
 8.0800e+00  2.4361e-01
 8.1125e+00  2.4399e-01
 8.1449e+00  2.4438e-01
 8.1774e+00  2.4477e-01
 8.2098e+00  2.4516e-01
 8.2423e+00  2.4555e-01
 8.2747e+00  2.4595e-01
 8.3072e+00  2.4635e-01
 8.3396e+00  2.4675e-01
 8.3721e+00  2.4715e-01
 8.4045e+00  2.4755e-01
 8.4370e+00  2.4796e-01
 8.4694e+00  2.4837e-01
 8.5019e+00  2.4878e-01
 8.5343e+00  2.4920e-01
 8.5668e+00  2.4962e-01
 8.5992e+00  2.5004e-01
 8.6317e+00  2.5046e-01
 8.6641e+00  2.5089e-01
 8.6966e+00  2.5132e-01
 8.7290e+00  2.5175e-01
 8.7615e+00  2.5219e-01
 8.7939e+00  2.5263e-01
 8.8264e+00  2.5307e-01
 8.8588e+00  2.5352e-01
 8.8913e+00  2.5397e-01
 8.9238e+00  2.5442e-01
 8.9562e+00  2.5488e-01
 8.9887e+00  2.5534e-01
 9.0211e+00  2.5580e-01
 9.0536e+00  2.5627e-01
 9.0860e+00  2.5674e-01
 9.1185e+00  2.5722e-01
 9.1509e+00  2.5770e-01
 9.1834e+00  2.5818e-01
 9.2158e+00  2.5867e-01
 9.2483e+00  2.5916e-01
 9.2807e+00  2.5966e-01
 9.3132e+00  2.6016e-01
 9.3456e+00  2.6066e-01
 9.3781e+00  2.6117e-01
 9.4105e+00  2.6168e-01
 9.4430e+00  2.6220e-01
 9.4754e+00  2.6272e-01
 9.5079e+00  2.6325e-01
 9.5403e+00  2.6379e-01
 9.5728e+00  2.6432e-01
 9.6052e+00  2.6487e-01
 9.6377e+00  2.6541e-01
 9.6701e+00  2.6597e-01
 9.7026e+00  2.6652e-01
 9.7350e+00  2.6709e-01
 9.7675e+00  2.6766e-01
 9.7999e+00  2.6823e-01
 9.8324e+00  2.6881e-01
 9.8648e+00  2.6940e-01
 9.8973e+00  2.6999e-01
 9.9297e+00  2.7058e-01
 9.9622e+00  2.7119e-01
 9.9946e+00  2.7179e-01
 1.0027e+01  2.7241e-01
 1.0060e+01  2.7303e-01
 1.0092e+01  2.7365e-01
 1.0124e+01  2.7428e-01
 1.0157e+01  2.7492e-01
 1.0189e+01  2.7556e-01
 1.0222e+01  2.7621e-01
 1.0254e+01  2.7687e-01
 1.0287e+01  2.7753e-01
 1.0319e+01  2.7820e-01
 1.0352e+01  2.7887e-01
 1.0384e+01  2.7955e-01
 1.0416e+01  2.8024e-01
 1.0449e+01  2.8093e-01
 1.0481e+01  2.8163e-01
 1.0514e+01  2.8233e-01
 1.0546e+01  2.8304e-01
 1.0579e+01  2.8376e-01
 1.0611e+01  2.8448e-01
 1.0644e+01  2.8521e-01
 1.0676e+01  2.8595e-01
 1.0709e+01  2.8669e-01
 1.0741e+01  2.8744e-01
 1.0773e+01  2.8819e-01
 1.0806e+01  2.8895e-01
 1.0838e+01  2.8971e-01
 1.0871e+01  2.9048e-01
 1.0903e+01  2.9126e-01
 1.0936e+01  2.9204e-01
 1.0968e+01  2.9283e-01
 1.1001e+01  2.9363e-01
 1.1033e+01  2.9443e-01
 1.1065e+01  2.9523e-01
 1.1098e+01  2.9604e-01
 1.1130e+01  2.9686e-01
 1.1163e+01  2.9768e-01
 1.1195e+01  2.9850e-01
 1.1228e+01  2.9933e-01
 1.1260e+01  3.0017e-01
 1.1293e+01  3.0101e-01
 1.1325e+01  3.0185e-01
 1.1358e+01  3.0270e-01
 1.1390e+01  3.0355e-01
 1.1422e+01  3.0441e-01
 1.1455e+01  3.0527e-01
 1.1487e+01  3.0614e-01
 1.1520e+01  3.0700e-01
 1.1552e+01  3.0788e-01
 1.1585e+01  3.0875e-01
 1.1617e+01  3.0963e-01
 1.1650e+01  3.1051e-01
 1.1682e+01  3.1140e-01
 1.1714e+01  3.1228e-01
 1.1747e+01  3.1317e-01
 1.1779e+01  3.1406e-01
 1.1812e+01  3.1496e-01
 1.1844e+01  3.1585e-01
 1.1877e+01  3.1675e-01
 1.1909e+01  3.1765e-01
 1.1942e+01  3.1854e-01
 1.1974e+01  3.1944e-01
 1.2007e+01  3.2035e-01
 1.2039e+01  3.2125e-01
 1.2071e+01  3.2215e-01
 1.2104e+01  3.2305e-01
 1.2136e+01  3.2395e-01
 1.2169e+01  3.2485e-01
 1.2201e+01  3.2575e-01
 1.2234e+01  3.2665e-01
 1.2266e+01  3.2755e-01
 1.2299e+01  3.2845e-01
 1.2331e+01  3.2934e-01
 1.2363e+01  3.3024e-01
 1.2396e+01  3.3113e-01
 1.2428e+01  3.3202e-01
 1.2461e+01  3.3291e-01
 1.2493e+01  3.3379e-01
 1.2526e+01  3.3467e-01
 1.2558e+01  3.3555e-01
 1.2591e+01  3.3643e-01
 1.2623e+01  3.3730e-01
 1.2656e+01  3.3817e-01
 1.2688e+01  3.3903e-01
 1.2720e+01  3.3989e-01
 1.2753e+01  3.4075e-01
 1.2785e+01  3.4160e-01
 1.2818e+01  3.4245e-01
 1.2850e+01  3.4329e-01
 1.2883e+01  3.4412e-01
 1.2915e+01  3.4495e-01
 1.2948e+01  3.4578e-01
 1.2980e+01  3.4660e-01
 1.3012e+01  3.4741e-01
 1.3045e+01  3.4822e-01
 1.3077e+01  3.4902e-01
 1.3110e+01  3.4982e-01
 1.3142e+01  3.5061e-01
 1.3175e+01  3.5139e-01
 1.3207e+01  3.5216e-01
 1.3240e+01  3.5293e-01
 1.3272e+01  3.5370e-01
 1.3305e+01  3.5445e-01
 1.3337e+01  3.5520e-01
 1.3369e+01  3.5594e-01
 1.3402e+01  3.5667e-01
 1.3434e+01  3.5740e-01
 1.3467e+01  3.5812e-01
 1.3499e+01  3.5883e-01
 1.3532e+01  3.5953e-01
 1.3564e+01  3.6023e-01
 1.3597e+01  3.6092e-01
 1.3629e+01  3.6160e-01
 1.3661e+01  3.6227e-01
 1.3694e+01  3.6294e-01
 1.3726e+01  3.6359e-01
 1.3759e+01  3.6424e-01
 1.3791e+01  3.6489e-01
 1.3824e+01  3.6552e-01
 1.3856e+01  3.6615e-01
 1.3889e+01  3.6677e-01
 1.3921e+01  3.6738e-01
 1.3954e+01  3.6798e-01
 1.3986e+01  3.6858e-01
 1.4018e+01  3.6917e-01
 1.4051e+01  3.6975e-01
 1.4083e+01  3.7033e-01
 1.4116e+01  3.7090e-01
 1.4148e+01  3.7146e-01
 1.4181e+01  3.7201e-01
 1.4213e+01  3.7256e-01
 1.4246e+01  3.7310e-01
 1.4278e+01  3.7363e-01
 1.4310e+01  3.7416e-01
 1.4343e+01  3.7468e-01
 1.4375e+01  3.7520e-01
 1.4408e+01  3.7571e-01
 1.4440e+01  3.7621e-01
 1.4473e+01  3.7671e-01
 1.4505e+01  3.7720e-01
 1.4538e+01  3.7768e-01
 1.4570e+01  3.7816e-01
 1.4603e+01  3.7864e-01
 1.4635e+01  3.7911e-01
 1.4667e+01  3.7957e-01
 1.4700e+01  3.8003e-01
 1.4732e+01  3.8049e-01
 1.4765e+01  3.8094e-01
 1.4797e+01  3.8139e-01
 1.4830e+01  3.8183e-01
 1.4862e+01  3.8227e-01
 1.4895e+01  3.8270e-01
 1.4927e+01  3.8313e-01
 1.4959e+01  3.8356e-01
 1.4992e+01  3.8398e-01
 1.5024e+01  3.8440e-01
 1.5057e+01  3.8482e-01
 1.5089e+01  3.8523e-01
 1.5122e+01  3.8564e-01
 1.5154e+01  3.8605e-01
 1.5187e+01  3.8645e-01
 1.5219e+01  3.8686e-01
 1.5252e+01  3.8726e-01
 1.5284e+01  3.8765e-01
 1.5316e+01  3.8805e-01
 1.5349e+01  3.8844e-01
 1.5381e+01  3.8883e-01
 1.5414e+01  3.8922e-01
 1.5446e+01  3.8961e-01
 1.5479e+01  3.8999e-01
 1.5511e+01  3.9038e-01
 1.5544e+01  3.9076e-01
 1.5576e+01  3.9114e-01
 1.5608e+01  3.9152e-01
 1.5641e+01  3.9189e-01
 1.5673e+01  3.9227e-01
 1.5706e+01  3.9264e-01
 1.5738e+01  3.9301e-01
 1.5771e+01  3.9338e-01
 1.5803e+01  3.9375e-01
 1.5836e+01  3.9412e-01
 1.5868e+01  3.9448e-01
 1.5901e+01  3.9485e-01
 1.5933e+01  3.9521e-01
 1.5965e+01  3.9557e-01
 1.5998e+01  3.9593e-01
 1.6030e+01  3.9628e-01
 1.6063e+01  3.9664e-01
 1.6095e+01  3.9699e-01
 1.6128e+01  3.9734e-01
 1.6160e+01  3.9768e-01
 1.6193e+01  3.9803e-01
 1.6225e+01  3.9837e-01
 1.6257e+01  3.9871e-01
 1.6290e+01  3.9905e-01
 1.6322e+01  3.9938e-01
 1.6355e+01  3.9971e-01
 1.6387e+01  4.0004e-01
 1.6420e+01  4.0036e-01
 1.6452e+01  4.0068e-01
 1.6485e+01  4.0100e-01
 1.6517e+01  4.0131e-01
 1.6550e+01  4.0162e-01
 1.6582e+01  4.0193e-01
 1.6614e+01  4.0222e-01
 1.6647e+01  4.0252e-01
 1.6679e+01  4.0281e-01
 1.6712e+01  4.0309e-01
 1.6744e+01  4.0337e-01
 1.6777e+01  4.0365e-01
 1.6809e+01  4.0392e-01
 1.6842e+01  4.0418e-01
 1.6874e+01  4.0443e-01
 1.6906e+01  4.0468e-01
 1.6939e+01  4.0492e-01
 1.6971e+01  4.0516e-01
 1.7004e+01  4.0539e-01
 1.7036e+01  4.0561e-01
 1.7069e+01  4.0582e-01
 1.7101e+01  4.0603e-01
 1.7134e+01  4.0622e-01
 1.7166e+01  4.0641e-01
 1.7199e+01  4.0659e-01
 1.7231e+01  4.0676e-01
 1.7263e+01  4.0693e-01
 1.7296e+01  4.0708e-01
 1.7328e+01  4.0722e-01
 1.7361e+01  4.0736e-01
 1.7393e+01  4.0748e-01
 1.7426e+01  4.0759e-01
 1.7458e+01  4.0770e-01
 1.7491e+01  4.0779e-01
 1.7523e+01  4.0787e-01
 1.7555e+01  4.0794e-01
 1.7588e+01  4.0800e-01
 1.7620e+01  4.0805e-01
 1.7653e+01  4.0809e-01
 1.7685e+01  4.0812e-01
 1.7718e+01  4.0813e-01
 1.7750e+01  4.0813e-01
 1.7783e+01  4.0812e-01
 1.7815e+01  4.0810e-01
 1.7848e+01  4.0807e-01
 1.7880e+01  4.0802e-01
 1.7912e+01  4.0796e-01
 1.7945e+01  4.0789e-01
 1.7977e+01  4.0781e-01
 1.8010e+01  4.0771e-01
 1.8042e+01  4.0760e-01
 1.8075e+01  4.0748e-01
 1.8107e+01  4.0734e-01
 1.8140e+01  4.0719e-01
 1.8172e+01  4.0703e-01
 1.8204e+01  4.0685e-01
 1.8237e+01  4.0667e-01
 1.8269e+01  4.0647e-01
 1.8302e+01  4.0625e-01
 1.8334e+01  4.0602e-01
 1.8367e+01  4.0578e-01
 1.8399e+01  4.0553e-01
 1.8432e+01  4.0527e-01
 1.8464e+01  4.0499e-01
 1.8497e+01  4.0470e-01
 1.8529e+01  4.0439e-01
 1.8561e+01  4.0408e-01
 1.8594e+01  4.0375e-01
 1.8626e+01  4.0341e-01
 1.8659e+01  4.0305e-01
 1.8691e+01  4.0269e-01
 1.8724e+01  4.0231e-01
 1.8756e+01  4.0192e-01
 1.8789e+01  4.0152e-01
 1.8821e+01  4.0111e-01
 1.8853e+01  4.0068e-01
 1.8886e+01  4.0025e-01
 1.8918e+01  3.9980e-01
 1.8951e+01  3.9935e-01
 1.8983e+01  3.9888e-01
 1.9016e+01  3.9840e-01
 1.9048e+01  3.9791e-01
 1.9081e+01  3.9742e-01
 1.9113e+01  3.9691e-01
 1.9146e+01  3.9639e-01
 1.9178e+01  3.9587e-01
 1.9210e+01  3.9533e-01
 1.9243e+01  3.9479e-01
 1.9275e+01  3.9424e-01
 1.9308e+01  3.9368e-01
 1.9340e+01  3.9311e-01
 1.9373e+01  3.9254e-01
 1.9405e+01  3.9196e-01
 1.9438e+01  3.9137e-01
 1.9470e+01  3.9078e-01
 1.9502e+01  3.9017e-01
 1.9535e+01  3.8957e-01
 1.9567e+01  3.8895e-01
 1.9600e+01  3.8833e-01
 1.9632e+01  3.8771e-01
 1.9665e+01  3.8708e-01
 1.9697e+01  3.8645e-01
 1.9730e+01  3.8581e-01
 1.9762e+01  3.8517e-01
 1.9795e+01  3.8453e-01
 1.9827e+01  3.8388e-01
 1.9859e+01  3.8323e-01
 1.9892e+01  3.8257e-01
 1.9924e+01  3.8192e-01
 1.9957e+01  3.8126e-01
 1.9989e+01  3.8060e-01
 2.0022e+01  3.7994e-01
 2.0054e+01  3.7928e-01
 2.0087e+01  3.7862e-01
 2.0119e+01  3.7795e-01
 2.0151e+01  3.7729e-01
 2.0184e+01  3.7662e-01
 2.0216e+01  3.7596e-01
 2.0249e+01  3.7530e-01
 2.0281e+01  3.7464e-01
 2.0314e+01  3.7397e-01
 2.0346e+01  3.7331e-01
 2.0379e+01  3.7266e-01
 2.0411e+01  3.7200e-01
 2.0444e+01  3.7135e-01
 2.0476e+01  3.7070e-01
 2.0508e+01  3.7005e-01
 2.0541e+01  3.6940e-01
 2.0573e+01  3.6876e-01
 2.0606e+01  3.6812e-01
 2.0638e+01  3.6748e-01
 2.0671e+01  3.6685e-01
 2.0703e+01  3.6623e-01
 2.0736e+01  3.6560e-01
 2.0768e+01  3.6498e-01
 2.0800e+01  3.6437e-01
 2.0833e+01  3.6376e-01
 2.0865e+01  3.6315e-01
 2.0898e+01  3.6255e-01
 2.0930e+01  3.6196e-01
 2.0963e+01  3.6137e-01
 2.0995e+01  3.6079e-01
 2.1028e+01  3.6021e-01
 2.1060e+01  3.5964e-01
 2.1093e+01  3.5908e-01
 2.1125e+01  3.5852e-01
 2.1157e+01  3.5796e-01
 2.1190e+01  3.5742e-01
 2.1222e+01  3.5688e-01
 2.1255e+01  3.5634e-01
 2.1287e+01  3.5582e-01
 2.1320e+01  3.5530e-01
 2.1352e+01  3.5478e-01
 2.1385e+01  3.5428e-01
 2.1417e+01  3.5378e-01
 2.1449e+01  3.5329e-01
 2.1482e+01  3.5280e-01
 2.1514e+01  3.5232e-01
 2.1547e+01  3.5185e-01
 2.1579e+01  3.5139e-01
 2.1612e+01  3.5093e-01
 2.1644e+01  3.5048e-01
 2.1677e+01  3.5004e-01
 2.1709e+01  3.4961e-01
 2.1742e+01  3.4918e-01
 2.1774e+01  3.4876e-01
 2.1806e+01  3.4835e-01
 2.1839e+01  3.4795e-01
 2.1871e+01  3.4755e-01
 2.1904e+01  3.4716e-01
 2.1936e+01  3.4677e-01
 2.1969e+01  3.4640e-01
 2.2001e+01  3.4603e-01
 2.2034e+01  3.4567e-01
 2.2066e+01  3.4532e-01
 2.2098e+01  3.4497e-01
 2.2131e+01  3.4463e-01
 2.2163e+01  3.4430e-01
 2.2196e+01  3.4397e-01
 2.2228e+01  3.4365e-01
 2.2261e+01  3.4334e-01
 2.2293e+01  3.4304e-01
 2.2326e+01  3.4274e-01
 2.2358e+01  3.4245e-01
 2.2391e+01  3.4216e-01
 2.2423e+01  3.4188e-01
 2.2455e+01  3.4161e-01
 2.2488e+01  3.4134e-01
 2.2520e+01  3.4108e-01
 2.2553e+01  3.4083e-01
 2.2585e+01  3.4059e-01
 2.2618e+01  3.4034e-01
 2.2650e+01  3.4011e-01
 2.2683e+01  3.3988e-01
 2.2715e+01  3.3966e-01
 2.2747e+01  3.3944e-01
 2.2780e+01  3.3923e-01
 2.2812e+01  3.3902e-01
 2.2845e+01  3.3882e-01
 2.2877e+01  3.3863e-01
 2.2910e+01  3.3844e-01
 2.2942e+01  3.3825e-01
 2.2975e+01  3.3807e-01
 2.3007e+01  3.3790e-01
 2.3040e+01  3.3773e-01
 2.3072e+01  3.3756e-01
 2.3104e+01  3.3740e-01
 2.3137e+01  3.3725e-01
 2.3169e+01  3.3710e-01
 2.3202e+01  3.3695e-01
 2.3234e+01  3.3681e-01
 2.3267e+01  3.3667e-01
 2.3299e+01  3.3654e-01
 2.3332e+01  3.3641e-01
 2.3364e+01  3.3628e-01
 2.3396e+01  3.3616e-01
 2.3429e+01  3.3604e-01
 2.3461e+01  3.3593e-01
 2.3494e+01  3.3582e-01
 2.3526e+01  3.3571e-01
 2.3559e+01  3.3561e-01
 2.3591e+01  3.3551e-01
 2.3624e+01  3.3541e-01
 2.3656e+01  3.3532e-01
 2.3689e+01  3.3523e-01
 2.3721e+01  3.3514e-01
 2.3753e+01  3.3505e-01
 2.3786e+01  3.3497e-01
 2.3818e+01  3.3489e-01
 2.3851e+01  3.3482e-01
 2.3883e+01  3.3474e-01
 2.3916e+01  3.3467e-01
 2.3948e+01  3.3460e-01
 2.3981e+01  3.3454e-01
 2.4013e+01  3.3448e-01
 2.4045e+01  3.3441e-01
 2.4078e+01  3.3435e-01
 2.4110e+01  3.3430e-01
 2.4143e+01  3.3424e-01
 2.4175e+01  3.3419e-01
 2.4208e+01  3.3414e-01
 2.4240e+01  3.3409e-01
 2.4273e+01  3.3404e-01
 2.4305e+01  3.3400e-01
 2.4338e+01  3.3396e-01
 2.4370e+01  3.3391e-01
 2.4402e+01  3.3387e-01
 2.4435e+01  3.3383e-01
 2.4467e+01  3.3380e-01
 2.4500e+01  3.3376e-01
 2.4532e+01  3.3373e-01
 2.4565e+01  3.3370e-01
 2.4597e+01  3.3366e-01
 2.4630e+01  3.3363e-01
 2.4662e+01  3.3360e-01
 2.4694e+01  3.3358e-01
 2.4727e+01  3.3355e-01
 2.4759e+01  3.3352e-01
 2.4792e+01  3.3350e-01
 2.4824e+01  3.3348e-01
 2.4857e+01  3.3345e-01
 2.4889e+01  3.3343e-01
 2.4922e+01  3.3341e-01
 2.4954e+01  3.3339e-01
 2.4987e+01  3.3337e-01
 2.5019e+01  3.3336e-01
 2.5051e+01  3.3334e-01
 2.5084e+01  3.3332e-01
 2.5116e+01  3.3331e-01
 2.5149e+01  3.3329e-01
 2.5181e+01  3.3328e-01
 2.5214e+01  3.3326e-01
 2.5246e+01  3.3325e-01
 2.5279e+01  3.3324e-01
 2.5311e+01  3.3323e-01
 2.5343e+01  3.3321e-01
 2.5376e+01  3.3320e-01
 2.5408e+01  3.3319e-01
 2.5441e+01  3.3318e-01
 2.5473e+01  3.3317e-01
 2.5506e+01  3.3317e-01
 2.5538e+01  3.3316e-01
 2.5571e+01  3.3315e-01
 2.5603e+01  3.3314e-01
 2.5636e+01  3.3313e-01
 2.5668e+01  3.3313e-01
 2.5700e+01  3.3312e-01
 2.5733e+01  3.3311e-01
 2.5765e+01  3.3311e-01
 2.5798e+01  3.3310e-01
 2.5830e+01  3.3310e-01
 2.5863e+01  3.3309e-01
 2.5895e+01  3.3309e-01
 2.5928e+01  3.3308e-01
 2.5960e+01  3.3308e-01
 2.5992e+01  3.3307e-01
 2.6025e+01  3.3307e-01
 2.6057e+01  3.3306e-01
 2.6090e+01  3.3306e-01
 2.6122e+01  3.3306e-01
 2.6155e+01  3.3305e-01
 2.6187e+01  3.3305e-01
 2.6220e+01  3.3305e-01
 2.6252e+01  3.3305e-01
 2.6285e+01  3.3304e-01
 2.6317e+01  3.3304e-01
 2.6349e+01  3.3304e-01
 2.6382e+01  3.3304e-01
 2.6414e+01  3.3303e-01
 2.6447e+01  3.3303e-01
 2.6479e+01  3.3303e-01
 2.6512e+01  3.3303e-01
 2.6544e+01  3.3303e-01
 2.6577e+01  3.3303e-01
 2.6609e+01  3.3302e-01
 2.6641e+01  3.3302e-01
 2.6674e+01  3.3302e-01
 2.6706e+01  3.3302e-01
 2.6739e+01  3.3302e-01
 2.6771e+01  3.3302e-01
 2.6804e+01  3.3302e-01
 2.6836e+01  3.3302e-01
 2.6869e+01  3.3301e-01
 2.6901e+01  3.3301e-01
 2.6934e+01  3.3301e-01
 2.6966e+01  3.3301e-01
 2.6998e+01  3.3301e-01
 2.7031e+01  3.3301e-01
 2.7063e+01  3.3301e-01
 2.7096e+01  3.3301e-01
 2.7128e+01  3.3301e-01
 2.7161e+01  3.3301e-01
 2.7193e+01  3.3301e-01
 2.7226e+01  3.3301e-01
 2.7258e+01  3.3301e-01
 2.7290e+01  3.3301e-01
 2.7323e+01  3.3301e-01
 2.7355e+01  3.3301e-01
 2.7388e+01  3.3301e-01
 2.7420e+01  3.3300e-01
 2.7453e+01  3.3300e-01
 2.7485e+01  3.3300e-01
 2.7518e+01  3.3300e-01
 2.7550e+01  3.3300e-01
 2.7583e+01  3.3300e-01
 2.7615e+01  3.3300e-01
 2.7647e+01  3.3300e-01
 2.7680e+01  3.3300e-01
 2.7712e+01  3.3300e-01
 2.7745e+01  3.3300e-01
 2.7777e+01  3.3300e-01
 2.7810e+01  3.3300e-01
 2.7842e+01  3.3300e-01
 2.7875e+01  3.3300e-01
 2.7907e+01  3.3300e-01
 2.7939e+01  3.3300e-01
 2.7972e+01  3.3300e-01
 2.8004e+01  3.3300e-01
 2.8037e+01  3.3300e-01
 2.8069e+01  3.3300e-01
 2.8102e+01  3.3300e-01
 2.8134e+01  3.3300e-01
 2.8167e+01  3.3300e-01
 2.8199e+01  3.3300e-01
 2.8232e+01  3.3300e-01
 2.8264e+01  3.3300e-01
 2.8296e+01  3.3300e-01
 2.8329e+01  3.3300e-01
 2.8361e+01  3.3300e-01
 2.8394e+01  3.3300e-01
 2.8426e+01  3.3300e-01
 2.8459e+01  3.3300e-01
 2.8491e+01  3.3300e-01
 2.8524e+01  3.3300e-01
 2.8556e+01  3.3300e-01
 2.8588e+01  3.3300e-01
 2.8621e+01  3.3300e-01
 2.8653e+01  3.3300e-01
 2.8686e+01  3.3300e-01
 2.8718e+01  3.3300e-01
 2.8751e+01  3.3300e-01
 2.8783e+01  3.3300e-01
 2.8816e+01  3.3300e-01
 2.8848e+01  3.3300e-01
 2.8881e+01  3.3300e-01
 2.8913e+01  3.3300e-01
 2.8945e+01  3.3300e-01
 2.8978e+01  3.3300e-01
 2.9010e+01  3.3300e-01
 2.9043e+01  3.3300e-01
 2.9075e+01  3.3300e-01
 2.9108e+01  3.3300e-01
 2.9140e+01  3.3300e-01
 2.9173e+01  3.3300e-01
 2.9205e+01  3.3300e-01
 2.9237e+01  3.3300e-01
 2.9270e+01  3.3300e-01
 2.9302e+01  3.3300e-01
 2.9335e+01  3.3300e-01
 2.9367e+01  3.3300e-01
 2.9400e+01  3.3300e-01
 2.9432e+01  3.3300e-01
 2.9465e+01  3.3300e-01
 2.9497e+01  3.3300e-01
 2.9530e+01  3.3300e-01
 2.9562e+01  3.3300e-01
 2.9594e+01  3.3300e-01
 2.9627e+01  3.3300e-01
 2.9659e+01  3.3300e-01
 2.9692e+01  3.3300e-01
 2.9724e+01  3.3300e-01
 2.9757e+01  3.3300e-01
 2.9789e+01  3.3300e-01
 2.9822e+01  3.3300e-01
 2.9854e+01  3.3300e-01
 2.9886e+01  3.3300e-01
 2.9919e+01  3.3300e-01
 2.9951e+01  3.3300e-01
 2.9984e+01  3.3300e-01
 3.0016e+01  3.3300e-01
 3.0049e+01  3.3300e-01
 3.0081e+01  3.3300e-01
 3.0114e+01  3.3300e-01
 3.0146e+01  3.3300e-01
 3.0179e+01  3.3300e-01
 3.0211e+01  3.3300e-01
 3.0243e+01  3.3300e-01
 3.0276e+01  3.3300e-01
 3.0308e+01  3.3300e-01
 3.0341e+01  3.3300e-01
 3.0373e+01  3.3300e-01
 3.0406e+01  3.3300e-01
 3.0438e+01  3.3300e-01
 3.0471e+01  3.3300e-01
 3.0503e+01  3.3300e-01
 3.0535e+01  3.3300e-01
 3.0568e+01  3.3300e-01
 3.0600e+01  3.3300e-01
 3.0633e+01  3.3300e-01
 3.0665e+01  3.3300e-01
 3.0698e+01  3.3300e-01
 3.0730e+01  3.3300e-01
 3.0763e+01  3.3300e-01
 3.0795e+01  3.3300e-01
 3.0828e+01  3.3300e-01
 3.0860e+01  3.3300e-01
 3.0892e+01  3.3300e-01
 3.0925e+01  3.3300e-01
 3.0957e+01  3.3300e-01
 3.0990e+01  3.3300e-01
 3.1022e+01  3.3300e-01
 3.1055e+01  3.3300e-01
 3.1087e+01  3.3300e-01
 3.1120e+01  3.3300e-01
 3.1152e+01  3.3300e-01
 3.1184e+01  3.3300e-01
 3.1217e+01  3.3300e-01
 3.1249e+01  3.3300e-01
 3.1282e+01  3.3300e-01
 3.1314e+01  3.3300e-01
 3.1347e+01  3.3300e-01
 3.1379e+01  3.3300e-01
 3.1412e+01  3.3300e-01
 3.1444e+01  3.3300e-01
 3.1477e+01  3.3300e-01
 3.1509e+01  3.3300e-01
 3.1541e+01  3.3300e-01
 3.1574e+01  3.3300e-01
 3.1606e+01  3.3300e-01
 3.1639e+01  3.3300e-01
 3.1671e+01  3.3300e-01
 3.1704e+01  3.3300e-01
 3.1736e+01  3.3300e-01
 3.1769e+01  3.3300e-01
 3.1801e+01  3.3300e-01
 3.1833e+01  3.3300e-01
 3.1866e+01  3.3300e-01
 3.1898e+01  3.3300e-01
 3.1931e+01  3.3300e-01
 3.1963e+01  3.3300e-01
 3.1996e+01  3.3300e-01
 3.2028e+01  3.3300e-01
 3.2061e+01  3.3300e-01
 3.2093e+01  3.3300e-01
 3.2126e+01  3.3300e-01
 3.2158e+01  3.3300e-01
 3.2190e+01  3.3300e-01
 3.2223e+01  3.3300e-01
 3.2255e+01  3.3300e-01
 3.2288e+01  3.3300e-01
 3.2320e+01  3.3300e-01
 3.2353e+01  3.3300e-01
 3.2385e+01  3.3300e-01
 3.2418e+01  3.3300e-01
 3.2450e+01  3.3300e-01
